4.0772
171.144
0.0892318
0.195959
3.2372
24.2536
0.189658
0.0573025
44.1455
80.1352
5.70352
0.331207
7.21056
0.522869
0.723678
2.00706
0.881391
1.8673
24.9876
5.73794
0.229536
3.88407
0.0105919
15.8065
0.0217463
9.80737
7.8658
64.3479
0.0882949
0.389778
11.1133
9.28879
0.0333515
21.6222
130.566
44.4343
37.1081
18.7206
0.0151362
4.47716
26.7302
21.757
0.0344327
0.492983
3.97517
0.0503668
2.91967
0.0217443
0.0113034
58.5185
16.7177
181.767
0.550452
105.55
0.00873327
46.2597
35.9874
41.9307
2.4341
40.2869
18.2939
2.35618
3.1744
3.90547
5.76E-05
3.64077
0.0528977
0.232299
3.78686
0.445624
48.9456
2.06288
0.0762864
0.244981
0.646274
29.8445
1.25232
0.342278
4.82521
1.38926
19.3929
0.112345
1.78253
0.477901
3.1365
6.49416
3.32279
3.1504
0.0745139
2.15101
8.11074
2.2348
0.42822
0.921812
0.34282
0.0462607
0.00564847
10.2457
4.99504
0.11631
12.0819
0.0304704
3.05728
0.0994035
1.08728
7.42633
2.75884
21.3904
4.3538
20.3527
162.811
0.0212176
132.507
0.451567
0.00594151
10.9078
52.3597
12.0617
51.2592
14.3786
11.6059
0.231514
32.1293
27.178
1.75656
0.0171949
8.18833
0.0797671
6.70438
0.379392
1.00977
0.091588
0.597145
0.00986139
24.8454
50.7011
12.1226
1.76795
3.59339
254.295
0.179105
0.685642
28.2515
0.220213
5.97948
1.26501
60.4223
18.8364
2.34043
0.0347216
9.79536
9.65596
2.76524
0.0263231
23.5761
5.21567
0.149901
15.1216
68.4373
1.15308
3.70897
14.2179
0.0215346
18.7025
12.2718
78.0929
1.28815
9.15176
3.60847
66.98
86.6379
249.634
0.682379
3.57597
0.530862
2.6481
192.127
0.0136779
5.8208
0.133376
1.03924
12.0377
4.49194
10.0939
0.209482
66.1532
0.0182238
12.9038
0.093702
5.85582
1.87501
0.0183472
0.217289
4.22141
115.836
13.1536
13.471
0.155243
0.232565
4.16492
3.45614
0.0248422
9.70391
2.96786
2.39439
38.9628
0.112428
9.32157
5.53829
5.59932
0.0119102
38.1721
23.0848
10.1086
5.23469
1.84751
6.01512
11.3287
3.62518
10.7889
14.5882
0.959234
1.09688
0.0145009
0.0091789
3.35441
0.539429
170.434
0.175329
31.7161
20.99
0.718535
40.3908
11.628
19.6796
0.034269
20.1963
0.0102345
18.0655
0.0641272
94.5858
4.38608
0.143841
20.8736
35.8822
0.00637657
1.25561
4.0503
11.276
0.0263733
1.10323
3.17759
3.09889
0.00650641
119.548
0.653068
30.3494
1.33093
102.393
0.583664
17.1968
12.7691
2.63344
0.220344
15.5509
60.4781
0.0562937
60.2388
116.545
2.36182
0.207799
15.3849
12.4675
0.0461388
0.546107
41.1889
10.2656
0.0996542
10.3095
41.0209
24.1484
11.5377
0.221661
0
0.885902
1.69208
4.17116
0.0663839
23.163
0.0368656
0.0227263
0.0287903
4.48778
1.30826
1.03281
0.0128127
3.98655
0.283174
66.0622
2.55424
16.4954
0.309817
0.683929
9.68641
12.0922
4.63357
9.26099
0.0671474
12.4639
19.4495
2.28615
6.56272
2.96939
6.40389
32.6189
6.8178
0.0175688
2.19545
7.56123
0.0260053
2.5803
0.0193285
2.76242
32.3424
73.2894
0.819339
4.76384
0.801924
0.560684
7.89341
6.19735
3.82201
4.47532
2.51508
0.0469219
32.1777
0.115286
0.0676494
0.00661495
666.04
3.0345
16.1407
0.0104136
7.99097
108.458
0.115967
10.7176
0.889876
8.58231
0.472085
0.0206657
1.31768
1.59102
0.164881
78.2225
215.99
99.4821
90.8849
0.165066
0.557868
3.52607
0.0161224
0.317189
0.0179115
0.0303191
0.121577
15.4785
0.0247381
0.173576
20.3907
0.201305
10.6565
26.9787
12.0786
18.9145
8.74549
0.0620325
0.099203
4.80247
0.253274
0.134635
7.14758
0.0173883
0.918469
4.12256
2.8995
149.899
256.832
1.49743
14.3204
45.0592
89.7469
1.95903
0.621899
0.147861
0.505408
9.77324
0.156397
21.4759
31.3608
0.193585
0.967576
0.106981
0.387442
1.3671
1.57027
0.0141389
7.93692
0.395399
0.068392
1197.26
34.7302
4.36067
1.33456
0.352002
5.72989
2.8892
8.93739
12.9657
1.14742
9.43804
0.508478
0.00949153
0.505613
41.969
9.97045
0.0343361
0.410347
0.693865
0.27266
6.38982
0.158178
12.3142
32.0668
6.13257
4.55061
2.13954
8.73109
0.462461
0.516262
0.3169
4.7479
165.118
0.463663
79.1415
2.20175
22.4296
26.6055
4.79991
0.0576563
9.60548
1.83143
3.75636
15.2743
4.82322
0.982214
19.6709
7.41857
0.0657392
36.254
0.683655
3.70221
8.67151
0.150091
24.0343
0.013259
18.5166
9.23504
26.5677
2.9028
0.247707
12.1599
0.565417
577.096
0.907447
16.4597
0.0550338
95.0186
0.51915
6.12491
0.032324
10.6768
0.0340493
3.67018
0.0745015
17.0936
4.3959
0.364956
34.7484
1.19919
6.52636
6.71991
5.82869
8.90779
0.0451956
3.79538
0.950089
3.38969
55.7711
0.0763884
0.606527
8.24618
0.0233981
9.07919
10.1861
8.76456
3.81448
2.40626
0.026909
0.127017
0.445657
3.05541
31.7718
3.79265
0.699517
0.995434
5.41382
9.13925
0.546557
8.33336
0.106295
1.94944
0.483955
14.0322
5.6461
0.118132
0.00944953
11.6559
9.46502
6.21463
1.19693
0.543883
0.0108344
19.7526
0.0107011
38.8869
0.107861
0.0118757
0.102616
0.32939
30.0562
11.4412
0.0949628
52.1846
14.0731
2.40808
81.6992
10.5425
0.0180552
2.34539
6.76996
0.0915516
23.3733
4.30136
50.7679
29.3571
0.0752886
10.4718
0.261349
8.9804
1.17777
9.07419
15.5627
36.4888
0.620542
0.195224
0.0587405
0.0250671
30.0761
0.732184
36.264
0.322101
1.39082
10.8466
28.1002
21.1087
11.0712
0.321303
6.1616
5.70383
14.883
24.376
1.72957
10.6193
3.33763
0.00330282
2.15252
0.170295
1.13249
17.3758
11.9466
18.2092
0.33056
11.9001
10.921
158.23
0.257462
23.6699
1.75816
83.5678
2.85534
16.747
0.765623
60.4933
3.9331
6.76493
42.185
0.0532854
7.39857
0.0823451
146.178
0.323001
0.0169982
1.25705
0.669785
70.6897
179.055
20.5272
79.1372
8.77066
4.75418
76.835
8.04203
0.0920534
0.0344739
1.34096
4.53382
21.2258
12.108
0.0590454
1.89991
11.0327
0.020308
30.9569
2.91241
0.0463358
6.25073
7.41623
1.76293
0.0195311
5.43183
4.18205
51.6015
1.51634
0.0233329
6.67965
14.7758
238.135
20.6042
27.2102
0.0958641
0.0573938
3.4773
0.00466713
19.0098
49.3102
0.622483
1.25189
1.68364
2.22719
65.2927
0.482406
0.324455
1.24118
5.10941
1.76116
53.3745
0.323301
4.84328
0.877257
6.65408
3.92789
35.5775
3.43444
53.4262
23.8169
6.84236
0.519271
33.9558
2.00318
9.10626
36.4739
0.0264754
4.26062
1.29738
11.0847
3.96675
0.0304341
3.04941
21.5677
0.59579
3.77255
1.89928
13.9475
6.21295
0.275705
18.0873
216.886
0.817451
7.27409
0.647179
0.00859904
0.0240843
0.0854405
140.625
8.32733
0.0469786
1.55226
2.31329
0.0680861
9.67951
10.5737
0.487251
0.186475
15.8382
1.9596
0.012134
4.21599
0.438855
20.9862
47.4935
0.143103
20.4266
7.43153
0.132137
1.92361
0.0281571
0.0391468
16.0644
18.3
32.0636
0.782151
6.16051
3.63035
3.53657
0.0135523
13.1862
0.481938
1.18713
0.49667
2.0597
0.0428623
0.0351868
0.125698
6.83814
128.374
26.5269
1.69986
153.972
0.0705943
6.95993
2.63292
14.2033
0.0429407
2.95356
60.4609
5.96321
0.00470661
51.7967
0.458088
12.2911
4.65108
0.603867
0.285893
0.0122278
0.763853
11.9899
42.2033
10.2236
68.9684
0.107579
1.66762
5.84649
56.5302
17.4969
54.204
0.11306
0.623564
29.6896
27.427
2.17685
2.30841
0.017594
0.857224
0.244024
5.49666
0.364978
0.0172604
142.494
0.00568929
0.687362
9.65547
51.2238
17.2516
3.88793
0.105359
34.5433
1.92522
1.12142
0.743445
2.99403
0.119841
61.5088
0.00693906
0.523536
22.4277
62.5254
17.1977
0.136621
2.69367
0.629068
7.04441
10.6008
13.8754
22.7959
0.0627777
15.5473
0.016115
3.38628
10.1222
9.553
3.61431
1.01535
2.84259
11.5116
4.91326
0.506839
0.767928
1.97785
1.43407
108.667
0.40138
7.97006
10.7949
119.011
57.6315
5.12378
0.11863
20.9014
32.7673
2.52152
10.0192
0.263665
6.57013
0.456937
0.0908655
24.7499
0.829779
5.71214
25.0362
0.22047
37.9863
34.3601
8.28475
489.532
0.0680858
7.52901
316.984
8.21199
18.9137
25.6823
8.41728
7.39515
148.547
13.478
24.2691
0.019434
2.77954
0.0844092
0.139017
3.62917
0.998723
0.411053
0.258708
13.1583
10.9423
15.6625
224.751
5.48228
11.7331
2.64986
45.8177
8.86394
29.6636
0.346656
0.0700158
0.0147048
0.02252
22.6746
93.4932
14.9677
3.61488
15.4448
14.9653
402.766
8.61441
18.2669
1.63891
0.10895
3.95584
0.254083
39.2486
0.471508
0.472363
0.0109662
1.4876
3.16148
33.4591
0.414511
0.623338
10.8659
0.615776
0.668994
3.02176
3.42112
16.6871
40.2301
17.7023
3.56697
61.138
146.893
9.19973
3.15418
0.0658392
13.1794
50.0971
66.3192
0.732018
0.17247
21.9829
0.174232
0.0183104
6.75018
58.8995
0.0177642
0.0295031
0.287275
6.14752
2.94793
1.23651
0.0398745
0.249034
0.108694
0.169517
7.29885
22.024
0.019605
3.03011
11.1961
1.39349
677.778
19.5608
62.9206
15.278
4.60859
0.503074
1.58205
28.8293
12.5042
91.3156
1.93623
14.0007
26.8879
5.40782
18.6488
6.09919
2.67891
74.8328
30.066
9.33697
0.0354767
0.087543
0.48748
5.97395
0.141706
2.60696
16.1803
12.4906
19.3609
0.454395
0.00819616
2.39
2.0244
0.0162947
11.5586
17.322
0.0899223
0.0750083
7.23447
10.4179
0.0122451
31.46
0.0210781
20.0708
4.69339
0.0796376
18.8795
6.69326
106.122
0.317983
9.64372
2.25906
0.0974821
0.0180245
7.56685
2.247
0.0113298
3.5229
32.1813
5.32078
4.00611
139.751
0.47107
1.61215
0.0805723
0.369243
41.2342
21.0125
7.69074
0.245192
2.25779
0.00628237
6.21352
11.436
0.317908
0.464683
5.50609
0.0774663
25.2952
20.5051
33.3693
0.444364
27.8359
0.231779
2.16315
37.7948
0.107208
0.00742066
42.4853
4.30448
0.0131356
52.3445
1.26297
9.99005
0.231611
0.0341259
0.0619613
13.1375
0.096042
1.1
1.45188
8.3752
0.052842
336.42
2.37293
0.147217
34.0007
0.0301933
31.9477
5.51368
2.87503
10.0096
0.733733
9.77663
0.541807
7.85542
0.144027
2.07653
12.2528
0.00682786
0.78637
8.63564
85.4833
6.21815
0.125472
0.151635
8.97302
2.82889
0.0148368
35.3102
18.1654
0.369051
36.376
0.0868168
29.0408
10.5523
8.27823
4.4895
0.0352841
6.82308
10.332
2.44128
0.0821161
1.96696
18.3364
33.1454
3.28674
15.8337
0.0161583
0.0511914
8.32639
2.52419
1.67498
3.05642
0.606048
8.75551
50.9771
13.3087
1.53765
0.165911
6.56155
18.9672
35.4482
5.62918
9.79529
21.8306
16.0064
17.6124
3.31832
9.5208
8.12134
8.00229
16.1811
0.0621557
8.38116
263.189
23.1938
241.997
3.67806
2.55827
15.5834
27.54
0.0112641
0.0272597
3.20728
94.5122
0.573466
8.64749
12.7774
0.165328
0.516945
171.631
2.15891
19.9134
0.00831611
0.285109
1.79562
15.1263
54.8057
44.7503
0.180312
0.144958
102.269
13.6946
10.9092
4.08561
0.00966191
30.9855
0.636354
1.45433
27.8286
0.0582385
2.25975
28.5723
11.8134
0.0192748
2.15602
0.526461
27.0819
11.1209
0.0779079
6.0112
202.431
258.867
12.6822
10.1569
79.5125
0.00200519
8.82534
66.0035
21.5443
0.423066
2.55813
0.142777
14.0146
70.734
0.0140308
0.231873
206.847
8.62405
0.0220128
10.4356
10.5517
5.54801
13.6195
15.5057
18.8024
0.139082
36.6105
4.15625
0.109405
0.612392
27.4919
0.276392
24.5411
0.267344
0.844846
5.56829
3.21491
9.85456
5.29286
21.1804
35.7604
0.403685
33.6465
12.9386
7.80098
64.4686
46.8945
0.439254
11.2025
1.44383
0.579529
5.5639
0.937287
3.372
0.0928121
7.60615
14.2648
20.927
0.0702097
48.8072
0.401993
19.6433
1.66848
13.366
0.0405614
0.08642
18.3656
11.3642
0.0271478
2.00525
4.78135
6.40976
0.0126574
0.364736
2.56012
4.10257
0.277788
0.499963
0.616378
20.6147
3.90683
35.1974
17.3175
0.0247854
30.9542
0.0281603
6.69314
7.5527
10.6687
1084.16
34.714
2.43495
14.8235
0.0394612
0.0180593
29.4969
19.5415
0.621359
75.0106
21.8954
1.6441
4.99608
1.35664
16.9726
0.0294139
0.0987079
24.8673
23.2713
0.0876123
29.4632
6.95762
7.24993
0.225744
6.35592
4.10021
17.2719
25.8587
8.96929
17.7135
4.18011
17.9396
0.87232
0.461556
184.347
0.855823
2.85346
0.129203
42.3385
0.263891
53.7365
0.0567498
1.84708
22.0795
0.168125
1.36999
4.10453
17.4545
0.0149772
21.8656
4.92232
0.0624728
0.0874373
6.49435
92.8968
0.742405
0.372211
0.792999
22.5037
32.8413
7.47316
18.143
39.2463
0.124922
0.218794
25.4009
4.70943
6.57838
5.48192
0.879643
0.894705
116.962
179.442
7.08689
96.9929
4.60559
6.48627
8.25381
0.394424
8.38371
0.0504405
17.0342
0.0312614
202.18
0.384046
26.8019
0.679984
0.193393
8.74649
117.579
10.8526
6.44957
0.073953
0.298077
6.72861
4.44907
0.040857
4.8692
0.258896
0.0270491
19.8449
0.367903
3.0524
2.47548
0.0367147
0.13447
2.8947
0.0965565
0.97964
5.69543
4.86192
0.0697126
7.53681
10.1897
299.929
0.126824
0.6033
0.0442432
0.0422327
0.460895
0.0140396
0.110515
46.5012
371.249
27.5955
100.604
0.22887
54.3696
11.6413
14.4557
2.97344
7.45325
4.68477
202.075
24.4358
4.41631
0.146783
79.4137
11.3554
11.1167
2.96948
0.0544258
0.893579
4.44238
78.7163
6.8551
0.446515
3.79175
269.487
6.84264
13.9877
8.31404
1.16136
0.36426
68.1539
0.0457102
1.1041
0.436726
0.0192723
0.158771
12.294
8.19301
32.4178
3.60183
6.85989
4.24909
0.00940131
1.93337
9.00117
0.0606823
39.3678
0.0372095
1.47855
0.0775564
58.4937
93.4087
5.44444
35.9836
0.130434
0.0122033
14.4071
5.23704
2.11582
0.210778
4.97958
58.1083
0.619636
78.3894
3.32901
0.213046
16.7685
19.7234
25.6786
13.5135
1.16655
0.0299874
1.27803
4.14169
53.29
25.5215
0.0381543
15.7497
15.1057
7.01331
0.536213
7.48323
0.12084
10.1674
0.0235639
0.286084
0.133651
9.74435
13.3613
28.4716
1.34665
0.00779358
9.19071
0.70017
15.5434
1.81561
0.563507
0.0172994
12.4847
4.98052
66.5216
1.05544
0.0470686
5.04106
299.711
0.0134461
0.0207685
0.37456
57.092
9.26961
0.133544
1.05233
0.378989
25.4347
13.4171
52.6646
12.5566
0.00727427
4.81397
1.60059
63.3729
0.0367851
0.176627
2.46267
182.43
3.43549
167.824
0.37531
1.87478
3.2434
0.794302
25.9181
5.42303
78.5793
0.039877
9.54051
3.77963
13.3378
25.673
20.1237
15.2687
4.80365
39.4505
28.0396
2.06873
17.7342
204.041
292.67
7.34855
0.104731
1.7478
19.7924
25.6585
0.0642289
0.00638787
6.37575
11.629
3.24116
0.487102
4.84449
10.9622
3.4933
0.000110717
14.6134
4.62411
2.35635
1.66691
0.18151
4.9162
0.30884
8.52383
4.52442
11.7247
193.622
119.972
0.0261931
0.0408823
11.1777
84.3816
11.9985
0.0562301
0.010263
109.632
1.79564
0.071091
21.1218
0.0823036
17.3769
19.8718
25.0792
4.24906
3.30095
1.63505
16.4065
27.1158
4.24236
13.9441
9.39396
18.5056
36.3661
2.1175
7.36028
114.924
18.2663
2.36275
0.0362411
4.20236
0.0529972
0.055667
84.264
29.5554
2.21673
0.0134293
11.4748
39.1961
0.817748
0.00974896
6.99193
7.17733
2.82386
0.368671
5.71274
36.2352
9.27921
5.92412
50.6905
0.0625229
12.0967
2.49992
0.270704
9.50614
8.94984
0.011723
0.130444
0.554988
0.428406
1.83213
9.30921
1.33228
8.67152
5.69088
0.76164
0.180214
6.41933
3.7829
25.7253
63.6327
28.9184
88.7043
0.0844518
49.4172
4.25236
26.255
1.89454
0.00508331
2.45566
37.7079
42.1747
2.81322
1.6413
0.0125666
0.0803274
52.202
29.6528
0.00741926
0.336463
16.9123
0.0121396
0.0384285
10.9373
0.138575
2.30096
20.2187
10.9003
78.1795
0.658823
7.07404
2.10119
0.233277
1.60785
4.84561
0.129444
7.6086
0.0312372
21.8296
5.28573
0.0886875
29.2212
0.00988692
4.4747
0.0419265
0.0333101
3.80199
0.40015
1.61409
11.5954
0.0225822
7.76442
20.1886
0.0992489
1.14801
31.4139
0.12448
0.13528
23.5213
0.0302765
8.55419
2.83123
22.8138
0.177122
0.999767
430.924
10.0608
0.115211
42.9955
0.0280954
0.215555
50.0542
3.35317
4.46867
40.6645
120.055
210.543
4.30513
7.9262
36.6323
0.360044
960.232
8.95447
0.275534
22.6323
4.1993
12.2535
0.205407
23.7655
36.695
4.61913
271.326
0.528491
26.5112
0.45371
94.0681
0.102647
0.020787
0.969828
1.69646
0.269143
14.8721
0.0802373
3.43622
0.486115
2.91943
0.317121
1.97193
14.3351
0.521443
2.5449
14.4025
20.7107
7.3718
0.0113231
0.0596008
0.26539
1.11113
0.0624304
27.1702
8.64117
2.64667
0.0223345
0.018355
12.1682
2.73162
5.96779
0.0280971
18.878
0.0538536
24.7615
0.0521106
46.6448
1.18277
0.417845
137.959
5.60675
16.9509
0.00653281
1.65886
0.0971268
4.30333
0.0214902
5.38033
1.43172
0.980078
28.9529
0.0824896
11.4828
94.3507
14.938
67.3724
0.455855
5.90619
4.73696
2.3455
12.7998
71.3327
1.99341
0.0678247
0.284637
20.328
1.77256
1.0343
6.76286
0.0955566
21.9962
3.02925
4.85573
0.0124117
31.5845
88.7988
24.0191
0.0199579
24.3589
16.7272
24.7806
0.562855
10.7723
22.3164
68.2469
6.30076
15.7305
117.556
0.0536715
20.5737
5.12852
3.77903
12.9382
0.047462
28.7711
2.72837
148.944
254.324
8.09142
8.68999
0.0839058
28.2053
0.098178
6.70252
4.74264
5.54489
1.6198
17.6836
3.85716
14.2852
3.07896
19.3356
0.22665
2.52052
3.62665
9.1692
9.74753
17.6478
5.41907
0.301231
15.0506
0.191163
5.76006
9.88925
10.9405
0.0296003
0.692024
0.0341581
3.77891
0.0435597
8.64795
8.72806
0.0361031
21.8841
2.6271
0.311466
0.15603
0.28036
0.871047
0.799554
0.0260127
10.3829
442.728
8.61048
0.0333336
8.19177
8.41477
26.6587
16.2499
11.6855
0.108044
0.118844
16.5209
0.21614
19.6231
7.82559
0.191313
0.233329
10.151
0.011476
44.3577
0.250717
1.37201
30.4484
40.9766
0.00786652
2.40381
5.45671
3.52346
0.997845
0.105563
1.64905
20.6206
0.2482
33.3007
4.58845
12.4737
1.06406
14.4209
10.2618
1.20951
5.72648
5.63723
2.35403
0.728375
0.0743519
9.12162
8.15447
195.526
9.48118
4.22702
0.114844
3.62996
0.0454663
0.558927
18.36
5.57545
28.6233
7.38494
44.8857
6.76511
1.32894
22.5736
11.0877
0.00463467
11.1858
126.557
38.4522
1.89596
0.163929
0.0150249
0.758105
11.9866
43.5001
69.2723
0.0422645
113.624
27.6799
8.33951
0.00556141
7.02139
0.0278906
0.219398
0.247648
367.486
0.0750247
6.60669
0.238762
0.236141
5.50611
2.07667
0.947999
10.5042
0.216472
0.133618
6.16738
4.89322
0.189196
2.19438
32.0792
3.05749
2.52543
189.048
0.166671
5.23139
30.8107
12.961
748.41
0.139032
5.45623
41.8065
1.65535
0.847068
10.7794
5.67199
0.840304
10.4937
16.8865
18.6223
13.2476
21.4471
36.6647
85.4088
12.7644
11.9035
161.148
13.5706
18.4589
108.73
33.6852
107.466
279.441
0.0505933
208.414
0.161501
0.0526045
5.99268
6.89783
3.0565
6.61465
0.211306
11.6962
0.127875
1.98899
3.20636
38.9834
0.224899
1.92575
0.777586
17.979
0.0835078
221.733
22.0817
9.41907
11.9502
101.31
14.0817
3.72209
13.2528
0.0772467
13.6613
0.00402566
265.903
0.0872929
0.0276348
1568.36
0.019011
4.49019
0.483115
2.7155
0.110256
28.747
0.0936436
0.11602
39.6242
0.02584
0.123428
0.50452
14.9014
26.7213
2.29586
0.0968966
0.0278679
15.1603
0.302407
13.6554
1.39302
0.298099
4.49815
15.3905
9.67153
0.0428905
13.3981
6.75554
0.81283
61.967
1.52661
0.0248826
0.415192
5.66622
2.45555
581.772
0.103249
0.0666199
0.141871
22.3462
2.79125
0.199559
54.6521
0.48615
25.5884
0.0200489
0.965844
4.72441
0.339469
11.977
3.64836
60.9191
20.4883
2.06419
2.73262
42.6804
0.0373011
2.58065
3.62435
0.0949729
0.310978
6.87606
5.04665
38.2516
6.31194
2.94777
2.51955
119.524
39.6503
0.0387531
454.919
1.40126
1.7928
11.4176
17.2744
0.342992
3.19013
2.44969
48.126
99.6803
10.5793
0.818053
11.8082
1.46459
20.6349
1.05106
1.62799
5.18511
73.8889
17.097
8.26363
0.788498
5.69785
3.41494
16.9411
0.097372
44.2679
2.28048
66.2073
0.868558
0.0987599
1.88181
1.39601
0.408253
0.461532
4.28836
125.305
92.3639
42.1609
16.2922
22.968
0.0304038
0.0227214
0.0937006
0.102789
36.9441
18.5355
80.0251
133.157
3.8405
0.0106847
0.0452057
0.24925
0.978538
20.8525
0.33275
28.9501
1.72465
23.6569
2.21675
0.0218448
0.0254508
64.4078
0.514162
2.64635
0.0197339
23.1705
0.0580592
5.08526
2.84833
228.398
9.38759
11.1933
2.71891
1.28642
8.15398
20.93
10.0329
3.53448
8.33045
0.0495879
41.1583
14.0473
0.128461
1.95417
0.0574049
20.1106
0.00232553
10.131
0.543496
11.8857
2.67817
5.74516
1.3023
2.26131
4.35151
22.8047
55.7825
30.8706
3.23751
87.9766
0.575132
0.0866656
76.5851
8.44376
30.2673
5.23795
15.9244
9.96524
0.197012
0.714535
74.241
3.14292
36.4019
0.186768
0.173477
0.12811
16.5318
0.896696
4.61358
2.81014
0.077463
9.24857
18.8741
1.48125
0.257514
0.154322
0.0787785
2.72263
6.86813
0.107364
12.9314
55.2498
7.20283
34.1888
0.0268456
6.41277
9.13267
0.64538
1.53246
0.136308
1.80656
4.57992
0.384208
0.0642736
0.395208
0.339811
0.201672
3.00522
3.94537
3.15452
4.1813
9.75828
0.343869
4.75915
7.59117
0.0241284
0.0790022
27.7899
24.2715
9.42082
3.32582
43.9859
323.871
0.316237
0.659187
0.872267
0.256096
136.154
2.06444
0.0158262
28.292
7.70928
0.12958
0.00818396
0.0862267
0.0478293
0.0256486
26.3277
4.65823
0.0141521
31.9189
0.0519644
0.0103583
5.95034
20.9743
0.178593
7.93369
8.40624
0.0582853
0.0129081
0.0368415
0.0960976
0.878854
19.7763
20.2801
12.8317
0.169922
0.986183
0.0168023
4.22433
0.66095
7.92158
0.214712
0.0142196
0.187331
0.0179678
13.3558
14.9816
0.335843
126.467
0.099911
74.1155
20.4822
0.0357639
139.904
20.554
7.00385
1.76229
14.9812
0.257773
0.796067
0.121525
6.4994
6.97202
0.181459
0.225319
6.05291
0.106685
5.6547
0.186042
0.431721
128.107
0.369893
12.4511
53.7863
11.5515
0.0406102
6.10746
1.90052
0.0226392
0.970539
1.05387
8.22593
8.99838
1.19604
0.0189136
21.112
6.30882
4.63105
1.9867
24.8908
1.21046
10.8891
2.21296
1.90016
1.53723
2.08971
33.8054
0.670611
6.5018
0.182473
1.377
0.105751
13.813
0.755314
5.5133
4.06242
10.7749
21.1022
1.36939
61.1134
29.0211
105.619
16.2849
1.26E-06
12.2778
2.62424
60.252
46.5811
19.8753
0.0551601
19.14
0.00664883
11.4082
1.43491
0.0723998
21.1845
15.4657
5.9701
97.4467
0.0752168
0.0137041
0.0441332
0.0155978
4.32016
0.0351456
0.145705
0.316392
21.1044
2.45156
2.09477
61.8198
10.155
12.7294
0.0114965
35.5363
38.7374
2.93186
2.30207
20.7861
0.0271576
1.49462
0.0205196
0.675125
172.305
11.9589
0.0148326
7.77912
1.37669
0.0448817
0.0202547
17.4371
0.0230127
1.32742
0.0113049
0.024038
29.8015
75.5204
0.0259102
11.0494
8.11802
49.2629
7.24099
3.31956
6.59391
1.71623
0.52589
16.7645
6.22313
3.77831
1.04999
0.116842
5.82322
67.4379
47.9222
0.142792
5.96656
33.558
66.9442
0.735776
7.21958
5.30687
0.103319
0.0189326
21.7753
28.9989
0.0957657
0.47946
6.23493
32.3677
0.168683
12.2507
1.13516
25.8303
0.343059
4.0039
3.05319
0.0356343
0.79707
0.989209
0.662622
78.0575
14.1293
14.9081
0.123283
7.94902
0.4406
6.46717
3.58218
0.319085
0.0251963
0.363376
12.6134
18.3094
40.5326
85.2848
0.0561293
0.293995
8.33526
2.67743
5.02779
2.88208
0.0131248
0.015272
0.849224
8.4912
6.40435
6.32473
0.32285
0.177117
5.35816
2.91832
21.1927
2.32713
0.0925842
1.59892
0.389165
0.290287
16.4607
10.5772
6.16914
0.215966
0.0192302
0.00817383
0.0834597
0.908214
0.453649
0.346418
0.228067
0.0106041
174.278
6.57506
7.80867
3.7625
0.182762
304.997
0.437122
5.49822
7.83014
0.981694
25.7869
6.45166
106.594
0.0290015
0.00705338
0.226736
2.34414
0.362379
4.97524
0.455129
0.22236
0.0984165
5.97627
198.555
20.9851
6.85999
7.11252
15.4113
10.1014
2.96122
0.143163
0.222707
48.4943
20.5842
8.93342
4.62834
1.80951
9.95147
0.591538
0.199981
0.247428
3.52869
1.4058
0.242765
0.561733
0.24123
0.0297968
47.5286
3.83477
1.84965
7.82274
0.0921188
4.70411
0.0196145
2.37896
108.752
0.166965
5.14028
0.560629
6.22632
0.0205887
5.41097
14.8055
0.51766
1.23227
8.61628
225.365
2.71666
48.2056
13.5072
0.0101494
0.0350174
71.6185
2.31747
4.21895
20.5433
37.8978
7.0059
0.329566
3.07648
9.3175
0.121124
16.4813
5.24213
0.483918
2.38226
5.04378
225.542
11.5834
48.4675
31.5667
27.9138
0.06333
5.11268
25.5303
161.182
3.99132
99.5227
31.1916
0.416873
1.26839
0.71264
0.255034
0.165152
46.8188
0.0985563
3.45918
19.4531
0.777433
0.0384918
42.5828
0.0239699
5.21971
11.745
11.3691
50.8668
1.02652
4.14522
7.03187
0.829631
22.0319
0.120074
0.154498
3.49869
0.637523
51.3533
0.0080606
0.0602151
3.38225
35.3214
3.49972
41.6427
16.6762
0.0189207
6.56435
0.340582
0.381284
1.71965
37.9654
18.7882
0.46904
4.54088
0.0342217
21.3938
0.00335956
2723.33
8.42878
3.90915
14.1306
4.11987
78.8261
0.00798868
0.221814
0.109888
1.15492
2.9579
4.73729
32.6257
11.1349
0.0297995
14.575
1.07054
73.9747
44.3547
0.204255
0.275634
0.0688859
0.205386
3.03742
7.15731
0.749384
13.4996
0.686077
0.14563
0.104016
2.27167
16.3868
60.1098
45.6743
0.844774
4.10938
1.78794
1.2142
0.0213004
27.3132
28.3296
0.0497526
0.413113
14.8779
44.4128
0.0361516
3.24578
5.45217
51.6224
0.00239103
30.365
0.172225
54.3455
1.55641
45.4058
0.0495595
4.30404
11.2716
0.0641726
4.39542
35.8012
0.10156
13.8044
0.40653
12.5249
22.2022
27.1325
38.7791
30.2479
2.67563
1.97416
0.0131841
83.7247
36.519
22.6759
463.923
0.329282
20.7585
107.203
3.47938
58.2642
28.3597
14.1565
0.0201144
13.4084
5.92815
1.0346
17.0709
19.7218
17.6701
4.65518
13.9657
5.26152
24.7532
47.2977
10.4052
10.8609
40.8628
28.853
19.9826
15.5629
18.7381
21.2148
4.51789
11.7065
12.8708
0.359263
69.2171
0.408346
21.4101
19.9447
3.44423
436.31
0.0772257
11.0134
0.0924946
79.6392
6.03941
0.263394
8.85363
1.54924
0.298167
0.187721
0.0737924
0.0742977
2.33583
0.0660979
1.00374
87.0524
0.0409835
0.587891
3.45572
48.7962
0.0230115
8.39058
0.737177
1.11882
0.168888
1.09365
12.7
0.122417
19.6806
0.0641135
56.3148
15.7845
6.9802
143.535
0.140444
59.1468
10.1199
2704.54
0.202388
21.2939
9.561
51.4337
19.2661
1.36685
0.0103001
117.33
0.815176
0.0513322
2.65226
0.23891
3.36854
6.35431
54.5617
4.17456
59.6203
46.0695
10.9446
69.8763
0.0424841
9.05108
15.7311
40.1808
22.5539
24.7282
14.6475
6.1318
14.6058
1.02422
4.52715
8.99288
64.6874
0.204651
0.257158
5.64165
1.06467
6.47738
133.942
7.55937
0.667871
33.3686
35.4961
3.9288
19.3806
0.0432441
16.5239
22.0895
0.0258001
0.0171729
102.296
0.19464
64.4931
0.707953
0.778457
22.5452
12.8525
0.0180451
69.0988
12.5896
28.0312
1.08684
0.723525
9.60822
17.3189
0.3136
1.09676
77.6372
3.80787
63.5032
0.806991
29.3869
1.52494
102.055
14.5609
0.0789879
12.0138
0.232485
17.7854
0.0341787
58.2914
1.28391
23.5661
0.385746
6.5025
1.03894
0.00799901
6.58964
28.6367
18.446
32.4416
2.92818
0.00446601
121.21
35.4151
39.9258
40.3171
7.24512
40.138
180.154
15.8459
0.0874654
0.201482
20.8621
30.3774
219.402
0.056775
31.5408
10.9245
0.0515686
1.3984
9.6398
10.3018
0.0150277
5.21299
6.67507
53.538
45.2982
0.160035
0.180261
7.24651
0.672649
46.0194
0.0354056
13.9847
3.25981
3.14946
26.9401
0.142203
0.0225909
14.2698
1.42387
36.8706
9.19152
0.00361715
17.338
18.476
1.75849
6.43859
9.32167
16.4981
0.230657
4.70773
1.29666
0.033449
41.1703
0.0554018
0.475767
0.0750867
3.43952
0.692406
0.239368
5.32475
25.328
8.35886
4.48539
0.534354
0.54623
0.301758
0.077997
9.23861
33.4824
9.98907
17.4788
10.7483
67.4307
2.65857
12.7394
1.10694
27.1671
4.01389
0.0652637
3.68119
0.0315074
15.8179
44.1496
