Genes	AS1	AS2	AS3	D41	D42	D43	DE2	DE3	ES1	ES2	ES3	F1	F2
ABCB7	36.5494	9.84812	6.74012	21.111	41.4547	46.6382	22.4502	16.3483	28.716	30.2412	29.5322	11.1971	16.0795
ABHD12	24.3738	65.3611	18.4999	16.212	30.9512	23.0704	16.7808	23.8119	20.2574	18.9849	21.0687	28.4465	38.3041
ABL1	15.1399	12.0449	39.9144	11.3224	14.8426	9.73341	10.5377	17.3592	17.3179	17.0579	17.1267	33.4159	23.4166
ABL2	7.29205	2.00584	3.9936	6.36291	7.38503	8.21086	6.6112	6.63143	5.92293	6.21847	5.45291	4.06991	3.46295
ACSF3	2.12069	21.9543	13.4654	1.00692	1.82011	1.37856	1.27893	2.17156	2.1504	1.90945	1.85749	5.16512	7.85285
ACTL6A	119.817	24.7757	16.5575	72.16	121.087	165.639	78.5731	51.0062	91.1265	88.9009	90.1092	22.1465	23.6894
ACVR1B	19.018	12.8173	27.8083	14.3885	19.4042	16.6354	15.7078	15.5276	10.6155	10.0851	9.53894	27.7975	35.9833
ADH5	105.933	75.7519	77.2095	119.299	116.083	139.861	117.52	93.8362	112.683	110.219	112.511	38.7992	45.2497
ADK	35.1425	5.79133	9.33138	25.0511	36.3065	46.3036	28.2423	19.86	24.6876	26.8524	27.9168	13.3714	11.1675
ADO	16.9891	9.22087	9.9228	16.7449	17.5128	22.0623	15.5369	13.3029	19.0907	20.0076	20.181	8.99999	10.2716
AGFG1	16.293	18.8621	9.3945	24.2752	16.7589	19.1133	24.159	19.5432	22.6005	24.0129	22.1733	14.4646	22.298
AHSA1	109.423	43.4668	48.553	91.3911	108.647	121.293	100.065	74.216	101.227	96.5447	107.237	37.5921	42.4032
AKAP11	11.1079	2.34644	7.04566	12.2248	10.2607	12.903	12.149	9.55514	11.2967	12.4057	9.90161	14.819	12.8126
AKAP13	8.53836	23.6915	18.3245	36.0381	7.76728	8.07769	38.6459	34.4764	9.48843	10.0797	8.7388	23.0406	15.6407
ALKBH1	9.11967	7.07826	4.61598	7.90853	8.3827	10.312	9.20738	6.18694	8.74226	8.78746	9.3932	4.58244	4.90779
ANAPC5	47.2708	40.131	20.0611	45.3356	57.5099	55.2549	43.773	47.6706	47.9569	47.9904	49.2741	41.6575	45.7157
ANO6	28.8856	32.1541	27.8731	41.0929	28.822	33.4644	43.1756	33.9651	27.6355	30.4806	25.9508	26.5224	31.8382
ANXA11	11.2438	240.336	71.7904	33.179	13.6611	9.89834	32.7594	42.1881	23.0375	20.0094	22.9225	43.1336	51.9951
AP3M1	32.7731	8.05144	12.2928	29.8091	31.0183	40.8111	30.679	23.6743	23.3179	24.6935	23.112	15.46	14.8342
ARFIP1	29.8882	12.5867	20.1147	36.8843	30.0368	37.0781	32.6056	26.9186	27.5487	26.2285	27.3763	18.5341	19.4501
ARG2	53.1304	42.5935	19.7918	31.1399	57.9102	73.7289	30.9808	27.6366	69.8201	67.0131	70.7013	5.42702	5.27192
ARHGAP17	22.4711	32.8327	17.5995	29.5136	22.9095	24.2992	27.9548	30.0886	26.1562	24.6209	23.9119	25.2061	36.4594
ARHGDIA	29.6174	387.597	214.917	27.4952	26.3855	17.217	27.778	47.5842	19.0029	19.3076	19.4178	82.7605	86.7615
ARL1	42.2284	14.0038	26.3772	37.7706	44.8187	49.5234	34.6483	29.7788	33.6779	35.0226	33.9153	32.9149	36.3353
ARL14EP	23.4595	10.7863	7.71147	16.1511	23.4992	29.1859	14.6966	11.7685	21.1416	19.9833	22.4383	11.2274	13.4774
ARL6IP4	38.9193	381.245	111.658	19.2522	42.7372	25.9451	18.4207	35.5577	21.3142	19.1931	22.0531	58.9234	67.2121
ARV1	11.7278	11.6868	17.8727	14.6346	12.3974	17.8908	13.2647	11.5167	11.226	13.167	13.6599	9.70519	11.9031
ATAD1	49.2509	5.95116	13.3963	44.8836	52.0506	58.134	44.4394	29.9252	28.1855	31.235	29.682	17.2071	17.5171
ATP5B	559.972	967.731	491.177	490.824	576.853	665.848	532.98	409.96	622.966	606.828	616.109	238.817	256.747
ATP5G2	260.863	492.154	272.737	71.4307	285.995	189.994	72.3916	125.824	181.227	159.533	177.2	184.424	203.959
AVPI1	1.87716	79.3824	19.303	1.31304	2.18758	2.10461	1.05073	1.95232	3.72499	2.7915	3.47738	27.0566	41.9626
AZI2	28.7589	20.3885	13.0433	29.7534	26.5543	32.8215	28.4575	20.9166	18.1754	19.3397	19.3062	13.7429	13.848
B3GALTL	6.30927	1.7985	1.94707	17.6207	6.11955	7.39673	17.9231	13.0875	3.87027	4.00073	4.61936	4.20524	3.09535
B3GNT5	18.7186	41.3981	22.9339	57.374	16.247	20.3137	53.1528	40.3882	7.20733	7.43132	7.03969	21.9765	32.127
B4GALT4	24.9874	20.4968	22.4673	175.448	28.7537	28.5716	168.146	141.249	27.7788	27.7376	31.2061	36.1142	31.1796
BASP1	72.8813	13.5957	9.05662	103.373	61.587	71.6781	99.2658	81.3373	90.6571	93.901	99.5629	41.2383	2.66086
BAZ2A	22.4573	13.8369	15.6667	27.9951	25.7951	21.9657	28.9717	36.026	27.5454	27.4815	24.6352	21.0346	21.3377
BCAP29	10.2252	6.03762	7.5365	15.0995	10.747	13.813	14.4366	9.73859	5.19409	4.99445	5.2621	8.7011	4.79056
BCL2L1	15.9487	162.56	70.7706	17.9315	12.6025	11.6999	18.5187	20.283	37.2342	34.8466	38.2296	20.6585	22.6104
BCOR	9.05434	2.35531	7.09796	14.2301	7.85622	7.31941	15.1123	14.2111	17.12	16.3318	17.727	12.8473	15.5907
BTBD2	7.8524	42.3851	44.2127	3.13863	7.9882	4.12227	2.94099	9.84169	5.34113	5.29531	5.05531	34.742	43.6902
BTF3	644.63	498.539	247.532	436.418	690.484	707.802	420.365	330.355	443.014	441.268	465.94	183.624	289.729
BTF3L4	25.9428	4.94647	7.29342	22.1423	27.4914	31.7619	20.1994	16.3483	28.2276	28.3766	27.3454	4.97847	5.23259
BTG1	12.1936	54.2178	40.8528	5.12799	9.92863	11.5072	4.26985	3.64126	8.21458	8.15004	8.09445	25.0926	17.4699
BTG3	58.3892	15.37	13.3254	30.7337	52.3523	63.2499	32.2485	25.3631	24.4503	20.658	19.9298	22.5117	17.2892
C11orf54	16.6465	45.7199	16.3156	17.6123	18.929	18.292	13.1172	13.7552	14.4374	14.6979	13.6769	26.3026	40.1816
C17orf75	13.2142	2.46928	2.91405	10.9666	13.6026	15.4391	11.5983	10.1494	10.4925	11.4425	11.9823	3.85004	4.13227
C7orf49	18.076	28.9131	26.1229	23.2215	20.7733	19.4584	17.4304	19.8929	20.7539	18.4935	20.8892	14.4729	13.9807
CAB39L	7.5583	1.14091	4.39306	6.10167	6.95339	8.02727	4.32897	4.51218	3.90417	3.86546	4.0973	3.85021	1.93896
CAPN2	55.6576	51.8351	39.5733	42.7561	52.537	51.6551	45.149	38.3844	20.8578	21.799	20.9661	62.5281	32.3774
CARKD	11.2806	43.9685	32.6869	11.2548	11.48	9.32408	12.3822	15.8679	10.6142	10.5049	10.6877	22.3757	18.3047
CAST	27.5215	80.2293	27.4709	22.8269	33.2746	34.3994	21.9655	22.3643	31.612	31.7385	26.6074	70.2686	90.4171
CCDC117	33.1566	10.6081	10.0327	30.5434	36.4418	43.9562	26.146	22.4833	29.9217	33.0405	30.7913	16.3453	18.6606
CCNYL1	7.19374	17.0499	9.19196	54.0196	6.96019	8.83788	50.7845	38.7195	23.3926	23.1714	23.8627	7.48027	7.33936
CCT2	389.71	57.873	52.6236	325.859	411.36	502.171	366.01	246.479	334.855	337.764	344.764	58.9414	62.8483
CDKN1B	32.1534	42.5901	71.7688	40.6654	25.0916	30.1804	36.6525	28.2869	12.5152	14.4629	14.7288	40.5356	43.8288
CELF1	51.2093	17.0429	23.5772	74.2236	57.5287	56.359	79.0374	77.9468	58.7252	63.644	61.9377	22.6345	24.7458
CELF2	6.2977	3.39126	7.86856	50.8129	4.34651	4.86457	50.2843	41.2108	12.2456	13.149	12.2971	6.47894	2.54598
CEP76	10.0159	3.34577	2.22337	11.0828	10.7196	13.7888	10.9914	8.97702	11.6419	11.6661	11.5294	3.47374	2.9488
CHD2	20.1047	14.0171	13.7505	36.237	21.1446	20.7175	38.6725	36.9832	20.2266	20.3385	18.6009	20.7114	21.9923
CHEK2	30.4041	3.84976	6.82769	20.7654	34.3224	39.7072	17.2684	17.8506	39.3517	40.4792	42.0807	6.29988	9.33176
CISD1	18.0929	62.0279	25.561	15.9173	17.9627	22.0088	17.0457	10.7658	13.1992	13.8074	14.2902	12.1861	18.7149
CLEC2D	1.35222	6.91314	11.421	2.12875	1.10504	1.27124	1.82886	1.69072	2.00034	2.09321	2.09089	2.0962	3.16313
CLOCK	5.34944	3.97294	4.72883	9.23425	6.13023	7.07111	8.79828	8.58944	7.1242	7.69238	6.72837	6.56476	6.3828
CNIH1	117.805	88.2544	79.8456	57.2186	122.843	146.12	60.6724	43.0415	76.0113	75.6796	79.3482	47.5982	67.5385
CNNM2	3.20859	2.78564	3.53603	1.26721	3.69672	3.33874	1.71663	1.71766	5.23078	5.2079	4.60619	6.33225	8.52872
COG6	20.8884	7.76781	6.59078	15.1837	22.4689	28.4013	15.4537	12.3431	10.2843	10.7922	10.92	12.0866	12.9345
COPS8	45.5433	17.008	14.4166	36.6703	46.3087	58.7453	34.0693	26.4286	34.657	33.2893	35.9473	11.5148	10.8986
COPZ1	123.03	161.001	105.962	105.27	130.026	137.588	100.804	78.2516	69.6511	71.8325	73.6385	67.412	84.0295
COQ3	11.5602	7.98511	6.51123	12.6018	13.9617	16.8727	14.0444	10.162	19.464	20.8565	21.9743	4.21771	3.01425
COQ5	45.5098	29.6242	21.2158	37.4818	50.6625	55.1403	35.9893	32.2793	32.0263	29.7554	29.5822	25.9119	24.9843
CRTC3	3.98802	4.524	8.193	2.76098	3.59411	2.75422	3.19983	3.5958	2.15092	2.31487	1.99973	13.7897	10.3373
CTSO	1.54834	15.8715	9.4433	4.08287	1.84748	1.50256	4.11669	2.66454	1.68165	1.63501	1.3572	16.7246	18.972
CXCL12	13.7238	11.4026	34.2204	3.28248	13.1931	9.45343	3.65019	3.76077	14.7866	15.7034	15.664	56.0315	28.7787
DCTN4	35.9836	16.3179	19.5375	43.8063	32.9987	39.7091	43.2592	34.7123	34.0224	34.373	31.94	22.9018	22.9675
DCTN6	47.8652	18.4049	18.9345	73.958	38.0523	45.0699	62.2776	40.6569	37.5083	34.5951	37.6989	18.2193	18.8081
DEK	276.664	63.3349	68.524	154.244	292.277	363.803	134.738	110.188	267.001	273.946	275.987	60.5926	61.6362
DENND1B	2.02617	5.60763	3.24621	4.61031	2.28694	2.25229	3.86133	3.84304	1.4408	1.40558	1.0418	4.92142	5.05227
DENND4A	3.68992	1.37226	2.93592	3.16813	3.77002	4.6942	2.73138	2.57046	2.66979	2.69653	2.25333	6.29862	7.7281
DENND4C	12.3587	11.4038	9.52434	12.5411	13.1885	13.3784	11.259	10.2466	9.00353	10.4786	8.99147	16.3212	15.7102
DEPDC7	18.1999	64.5698	7.58166	8.97978	19.9061	20.9244	8.19905	7.67906	5.63593	7.93068	6.64353	22.7921	9.48949
DESI2	45.0262	15.7643	17.555	52.9597	46.8571	60.964	50.0851	39.2914	93.9365	99.9673	97.8149	14.7468	10.5617
DNAJC1	20.3085	31.9336	16.9895	23.8549	18.9508	18.8416	25.7989	16.942	9.09108	11.5353	9.83912	12.0585	11.7739
DNAJC25	8.89808	4.18416	5.48061	11.9837	8.10779	11.9196	10.7706	6.95342	8.49578	9.63937	9.91456	7.25682	7.21101
DNAJC27	2.0555	1.25439	1.70919	2.33543	2.20539	2.63787	1.95829	2.08171	2.14872	2.20352	1.74509	2.53546	2.2352
DNAL4	6.90693	10.3593	17.5307	4.68958	8.66957	5.10579	6.99291	12.1169	3.15109	3.47773	2.62774	7.92891	8.51625
DOCK5	1.46098	9.63377	2.86639	1.16712	1.67578	1.58501	1.84669	1.56906	3.24041	3.98643	2.77764	13.2252	19.2162
DOCK7	24.0281	2.09211	2.65537	32.9674	24.6097	31.0536	33.8892	28.0751	13.0151	13.6937	12.014	10.1015	8.37244
DPH5	60.4828	8.37264	12.3196	23.6198	60.553	72.5755	23.3584	18.8254	43.8215	40.819	44.1527	11.2415	11.7326
DPYSL3	76.646	15.3688	30.0425	103.65	46.0565	51.1617	102.391	118.322	283.788	282.584	278.147	117.204	8.40433
DSG2	193.332	35.9189	62.9758	120.039	293.64	265.519	123.769	103.278	124.21	129.724	114.382	52.4893	54.9731
DSP	101.209	77.0087	38.6204	57.3226	115.956	110.928	59.3821	53.7325	21.5386	24.2124	18.7264	71.4081	80.6121
DTNA	7.29623	1.61405	1.61347	18.253	3.95639	3.01808	23.7532	18.4546	10.9222	11.0717	9.24038	3.7887	6.60389
DTWD1	12.1094	2.98692	5.76869	13.6348	14.6602	21.8784	12.8725	10.0846	16.3123	17.5521	15.5537	5.51888	4.85701
DUSP1	5.51393	76.8286	223.81	5.93838	3.94112	4.14883	6.73002	5.47637	2.76168	2.08719	2.53076	115.068	78.2992
DUSP5	9.34335	35.2271	11.4605	54.56	9.1698	10.651	66.8717	49.7385	9.70895	10.5856	9.33753	3.29334	21.7464
DUT	52.689	9.92785	24.4356	33.5771	54.0479	68.1787	29.6521	20.8165	56.7744	54.6932	62.81	21.6815	22.9481
EBNA1BP2	61.0263	37.8163	16.5134	47.7483	58.7509	59.0544	50.5813	46.1073	74.4451	72.0731	80.6795	16.2299	24.6448
EFNA3	9.85541	2.29365	1.61104	1.05914	10.9026	6.02096	1.38433	2.62182	2.25042	2.02517	2.19668	2.78552	2.32483
EID1	154.32	85.5819	87.5268	146.023	144.032	185.289	128.994	98.5295	139.175	135.547	151.814	95.3032	65.5678
EIF2B2	29.5845	36.1371	23.6389	21.1675	28.2627	32.8384	24.3328	17.6288	24.1906	22.4138	25.2516	13.4223	12.499
EIF4E	19.0428	7.13525	6.46114	19.6257	22.5634	26.752	16.7145	11.9028	21.8568	20.9023	23.0601	4.01838	4.54943
EIF5B	62.6303	53.4655	13.2813	78.7439	65.8564	80.1608	72.4966	53.9817	89.7187	94.3362	95.2545	23.207	20.5923
EMB	8.87803	26.9305	17.8065	59.253	8.86335	10.4519	53.1011	37.2144	25.3138	27.3649	25.2056	1.30946	34.5953
EMC2	69.0156	46.8326	13.4689	82.434	71.933	84.487	72.8857	48.8629	49.6136	51.6075	50.5151	23.3696	30.5567
EMC6	20.4992	46.6737	69.2163	18.8817	16.7123	18.134	13.7495	17.8669	24.2014	24.5181	24.0411	15.5975	16.0608
EMP3	23.5681	17.5479	23.9799	5.70469	25.6139	21.1221	4.49371	9.52806	10.2272	9.06848	9.80065	29.1336	9.50056
ENPP2	13.4219	3.95692	38.7489	2.61185	17.9452	23.7707	3.74594	1.92153	2.12689	2.17288	2.26449	12.1583	14.08
EPHX2	9.99177	150.719	29.1327	1.7565	12.9465	10.0905	1.27089	2.00936	5.65568	5.16465	4.89067	56.3347	149.684
EPRS	76.6792	19.2251	27.548	61.1882	78.7492	91.125	64.4765	47.1805	96.2192	102.195	90.449	28.865	26.4605
EWSR1	90.7647	101.929	70.6411	129.143	92.19	91.2112	146.283	137.179	139.859	125.218	136.752	55.7207	63.5617
EXOC1	21.8856	17.0327	9.60227	30.1896	24.622	27.2086	28.255	23.2991	18.1662	19.4295	18.0398	14.7616	16.2809
F3	4.34771	12.6533	20.5334	11.2151	3.3553	2.99258	10.4084	10.5111	3.70259	3.41562	4.38651	14.6549	21.8708
FAF2	29.3909	7.52496	18.617	50.2444	28.4663	32.2701	51.7219	39.6966	28.0962	27.7776	27.9995	19.0342	22.1269
FAM111A	4.69732	16.5043	16.2547	5.71903	3.8928	4.40198	5.1447	4.9409	15.8828	18.0349	15.588	21.2731	28.6251
FAM115A	8.83933	2.19942	3.8997	7.15761	9.58995	9.81202	6.6637	6.97002	3.91068	4.38778	3.98658	4.08381	5.7352
FAM175A	46.1034	1.93373	5.46232	17.8037	61.3424	68.4569	15.443	13.9276	21.6668	22.8155	20.6815	7.96613	7.29588
FAM188A	19.7063	11.0945	7.54839	36.4904	21.1404	26.6268	37.0859	26.131	11.5759	10.1374	11.636	15.6763	10.2902
FAM228B	3.46036	2.09779	2.14748	2.78119	3.80797	3.7376	2.1742	3.09887	1.58785	1.88559	1.31792	2.85865	2.29763
FAM229B	5.89956	2.43946	1.32774	2.57439	5.11976	5.53368	2.34019	2.15982	3.16683	2.9574	2.92568	3.86169	1.50306
FANCI	56.7332	1.25759	4.19645	42.3646	60.9499	76.1822	43.7792	33.1146	55.7392	59.4444	55.9681	7.46687	7.21893
FBL	445.793	119.768	109.94	182.377	503.812	371.736	188.343	206.319	382.999	374.765	448.307	85.8389	91.1967
FCHSD1	1.82094	10.2837	3.49957	1.50925	1.86714	1.23317	1.88361	3.92521	4.1563	4.02509	3.96897	3.55935	4.34642
FGF13	24.807	1.86339	10.2392	51.7901	23.9776	25.6304	48.8081	43.5383	22.7202	22.4358	23.4678	21.39	2.20848
FIBP	27.9233	84.8583	12.823	21.5827	26.0613	26.5323	23.9547	27.6168	32.4487	30.6554	32.3669	18.8972	21.7612
FKBP1A	157.515	100.279	204.988	123.197	158.929	209.6	115.111	87.6348	134.348	135.867	138.672	54.0545	89.5829
FOXN3	11.4252	45.825	15.6617	12.296	13.4086	11.9297	11.7822	11.6753	29.3394	32.461	28.8518	11.1183	14.6035
FRZB	3.25145	1.87817	5.39973	83.3378	2.96085	4.11675	85.84	50.2365	3.83692	3.43477	3.94624	21.6038	19.4459
FUBP1	148.314	14.8159	9.53783	107.804	146.952	160.392	106.691	81.4913	129.102	129.773	125.09	41.0792	43.32
GALC	25.5227	17.9807	19.1477	22.5004	21.554	24.0194	21.7626	19.0835	6.74974	7.63312	6.01119	30.0713	57.6587
GALK2	6.9408	16.7042	11.2383	4.74914	6.87626	7.73004	3.69872	3.50759	4.97127	5.41046	5.49197	5.61484	7.22974
GANAB	201.073	45.1917	107.946	195.005	250.729	214.76	218.002	231.404	156.465	153.464	148.489	95.2178	137.758
GANC	1.54015	3.83846	1.99752	1.88161	1.8504	2.12257	2.38574	2.03135	2.84264	2.7245	2.45984	4.16337	4.32608
GATM	8.54919	122.301	34.8715	61.4174	6.78627	8.35529	51.1925	55.1591	12.5001	13.3908	12.5389	21.2789	25.3794
GATS	7.62184	5.49243	3.13053	44.2606	6.11306	5.87383	40.195	40.3243	6.12492	6.0764	4.69459	14.1947	8.61427
GDAP2	5.70293	3.79908	2.26769	5.50096	6.08852	6.59794	5.77142	3.72632	5.54357	6.35445	5.14258	4.28363	5.99542
GDF11	24.8319	1.95294	2.62178	9.36841	23.5368	25.6867	9.50472	9.31628	6.40816	6.45698	6.26768	4.30185	2.36895
GDI2	305.552	258.514	154.24	353.289	310.521	386.877	341.174	237.437	275.991	285.043	285.774	96.1885	152.515
GLOD4	88.1551	107.841	51.7507	53.0154	88.7715	95.9386	61.0088	46.2559	55.7708	52.6902	60.3369	36.6382	57.7701
GLRX3	72.0943	30.8189	19.2068	85.6064	65.0581	93.7842	79.0046	58.4855	82.5106	76.4946	82.8903	16.571	18.0825
GNG12	35.8959	156.588	54.8296	6.86283	34.116	45.4277	7.45848	6.81269	23.5035	25.4809	22.6413	56.9049	54.1516
GOLGA5	19.4984	26.9966	14.1811	31.8981	18.2663	23.2021	31.3141	25.9545	26.16	24.9218	24.9195	17.7715	19.3467
GOLPH3L	15.2304	16.2155	13.5939	31.1695	15.1885	17.663	27.7937	25.0151	19.0766	19.7737	20.5494	18.0185	14.4116
GOT2	83.9942	37.8978	67.6341	64.1032	91.4194	105.389	69.626	61.687	130.18	124.048	133.062	24.8093	23.1663
GPAM	9.526	1.16559	13.9678	8.42089	10.2537	12.0095	10.5931	7.5984	8.13427	8.20657	7.76142	7.38842	9.68287
GRAMD3	2.01174	12.0781	8.52988	4.21287	2.79026	2.02782	4.60154	3.75288	9.50463	9.28071	9.26033	12.6707	14.857
GRPEL2	18.5191	4.62107	13.3048	16.1092	19.9195	21.9457	15.5594	13.3856	23.3183	23.3242	23.371	7.83946	8.26214
GTF2A1	23.2703	7.7235	8.70346	32.0338	24.4679	30.579	32.1212	25.388	24.7652	26.6693	26.0606	9.35887	9.82146
GTF2H5	4.71459	3.62634	3.0672	5.78377	4.96076	6.33144	5.42114	3.91679	3.00853	2.91465	3.35171	2.556	1.65596
GTF3C5	24.7257	23.4624	27.4728	16.867	31.094	16.9144	13.3664	27.7646	22.9782	20.0015	23.1943	20.2191	21.6012
GYPC	33.0227	46.5841	32.0816	6.8788	31.4578	21.0537	6.94881	9.76953	9.17891	8.42192	10.4292	10.8294	5.34257
HARS	36.177	38.8633	21.2547	28.7094	35.9853	35.423	31.926	27.1193	34.7416	32.4577	34.5953	19.6851	19.0275
HARS2	16.9459	18.2735	15.569	23.0726	16.7064	20.3008	22.6045	19.614	19.2141	16.7284	17.3454	14.2004	14.9725
HBS1L	21.8303	5.52066	5.46508	27.6881	23.1837	27.6039	26.3713	21.2838	24.1252	24.9365	24.7021	7.08895	6.97662
HDAC3	59.6301	40.8603	17.9367	48.1268	61.7992	65.3147	49.2478	47.4551	72.3946	67.3617	71.8676	18.9137	22.132
HEPH	29.795	105.876	27.4445	32.836	38.7049	30.478	30.8969	35.3527	30.6004	28.5548	27.657	96.698	122.474
HES1	19.8888	9.61399	35.0333	5.4957	18.9383	17.7824	4.96526	4.88716	5.91099	5.80418	5.85526	45.6754	30.0991
HIGD1A	39.8188	107.995	63.3539	137.418	40.5179	49.0303	130.736	78.63	36.0232	35.1946	39.8503	14.6114	20.3889
HIST1H2BK	7.76312	94.0091	54.2701	10.8788	4.25633	5.43362	11.4259	8.19342	8.9477	8.54585	8.67421	14.4019	58.2152
HMGXB4	26.7553	7.6409	8.28998	25.706	27.0548	31.0644	25.8025	21.7001	24.9875	25.9989	24.6031	7.24424	7.03904
HNRNPA3	95.4546	23.9994	47.529	89.1135	104.103	117.055	86.5094	63.4352	81.7457	84.323	86.6993	31.729	37.7401
HNRNPC	197.512	99.8687	159.22	166.272	202.238	236.12	174.06	129.448	190.141	187.622	201.507	32.5359	70.7837
HNRNPH3	278.806	91.515	48.8282	194.537	288.492	315.678	189.213	140.416	225.283	230.747	257.161	67.9666	70.5827
HSCB	10.0244	13.7181	9.75877	13.7385	9.70152	11.766	10.1492	8.22563	11.0625	10.163	9.61499	7.40726	12.2812
IARS	122.159	9.20028	20.9181	118.922	124.556	149.933	124.031	92.7192	166.056	172.181	159.896	22.1978	23.1935
IFI30	2.84882	94.2693	110.092	3.24525	5.74013	2.54881	3.50315	6.16199	12.73	11.0494	11.5829	102.159	299.049
IFT74	26.4033	5.01313	3.20753	21.1247	26.8835	36.3172	21.6348	18.0105	20.6527	20.9933	19.4055	13.0427	11.7967
IGHMBP2	2.25356	9.93582	6.30208	1.78275	2.16225	1.60019	1.41471	3.35995	1.96681	1.73655	1.89938	5.23397	4.90663
ING3	16.5636	7.71409	6.75904	17.2076	15.5085	20.719	18.9847	11.7275	16.9384	16.8939	20.3987	9.72234	10.4256
INPP5F	70.0644	3.24859	5.98469	119.543	73.3921	89.5239	115.554	88.4683	97.2266	99.2874	95.9551	15.6107	6.99385
INTS5	4.60958	8.19708	14.357	2.09752	4.8755	3.22985	2.40559	5.412	5.16012	4.38379	5.39422	8.96021	9.05124
INTS6	7.06279	7.01128	4.5645	15.6206	6.63308	7.6985	15.1784	10.6274	12.0642	12.7608	11.7092	5.99614	6.08568
IPMK	5.76076	11.7458	4.83496	18.1537	6.0665	7.32926	16.3561	10.8053	3.98072	4.64761	4.13258	5.92109	8.81213
IRS2	3.31699	8.65787	4.35798	5.87121	2.89188	3.40047	5.40861	4.41956	4.38259	4.81026	5.1161	10.4727	10.0477
ITGB1	145.952	22.8423	48.3622	187.672	152.218	171.538	210.643	149.821	117.613	118.278	108.948	79.5599	61.6587
KANSL1L	4.92975	1.12947	1.74456	14.3528	5.3296	5.91644	13.1409	10.0321	6.47091	6.52792	6.00253	6.98247	6.03476
KCNK1	1.67932	49.8722	19.0811	21.4644	1.99197	2.32525	19.1753	18.4821	8.7659	9.02754	8.8078	6.21936	4.03374
KCTD9	6.62677	12.7884	12.1834	12.233	7.69009	10.4485	9.8833	8.13717	7.63878	8.18542	7.38187	4.15205	7.37426
KDM8	2.01919	37.1791	4.89583	1.57277	1.8342	1.19114	1.61745	2.1568	1.83155	2.02141	2.0527	2.96995	5.66866
KIAA0196	26.6245	13.0459	5.77903	25.1479	28.6328	36.1063	27.1809	22.2351	29.6271	31.526	28.1959	12.7377	15.2512
KIAA1217	6.57972	10.094	7.99838	2.40394	8.99877	6.52479	2.95468	3.32555	7.67463	8.3464	7.08931	18.8542	25.9802
KIAA1715	18.7742	2.59128	6.27383	8.43527	19.0954	22.8583	7.80032	5.88419	3.28136	3.45885	3.27039	10.5678	8.47397
KIF20B	23.8823	1.56792	3.68142	29.2305	27.8739	35.5696	25.8402	21.449	33.8595	36.8922	32.324	4.03544	4.39796
KIFAP3	17.4934	11.7568	6.27173	8.54314	14.6528	15.752	9.73541	6.60456	2.42353	1.92831	2.213	14.2013	9.38734
KLHDC2	34.3985	85.0917	12.5617	43.5391	30.4659	40.454	46.362	34.0035	35.4332	35.5305	35.1242	45.578	51.6441
KMT2A	8.57316	1.90358	5.14726	13.2225	7.98252	8.28804	15.2739	13.508	13.9536	15.1741	11.235	12.9074	9.83442
KRAS	34.4277	8.76474	13.3712	70.0094	34.6037	43.4503	64.7898	53.8478	45.103	50.466	46.5129	13.1386	15.3204
KRT8	84.5711	1865.61	1776.17	90.0063	99.2602	46.4874	114.398	166.813	25.6589	22.0554	24.5408	243.554	569.671
LETM1	4.18552	13.4761	19.8081	4.1958	4.28037	3.61397	3.93202	6.09213	7.00324	7.10993	7.30603	7.19545	8.36464
LGALSL	13.9143	30.5235	6.02855	13.255	16.5558	14.2164	11.1976	10.364	16.3162	16.6594	15.885	9.02521	12.0488
LGR4	17.7933	8.09764	17.8113	40.1896	19.9231	18.3643	45.1117	29.41	43.085	46.1522	42.9838	51.1986	35.4159
LIMS1	34.7415	18.6659	13.901	25.2318	39.8514	58.5502	26.2832	19.3381	17.4373	20.1086	18.9126	13.1424	18.8683
LMBR1	24.7846	1.79445	7.67305	27.9149	23.6704	28.5565	27.1046	21.8183	21.8604	24.075	22.3237	11.4107	11.7494
LPCAT3	15.9824	79.4192	42.0356	28.4276	18.5012	19.0896	27.4718	27.8236	34.6124	33.5621	35.2107	17.3882	34.3725
LPHN2	57.0332	1.30956	5.2684	57.8777	62.5862	72.6004	60.7604	45.3566	80.6198	86.7849	72.7546	15.0482	27.331
LRIF1	21.2365	6.02041	8.71262	17.781	19.7685	23.7124	14.9774	11.8774	19.4656	19.9899	20.8138	7.13099	7.76289
LRR1	17.88	13.3091	16.9513	15.4922	19.0074	26.322	15.8293	11.2952	26.0518	23.9981	29.5785	6.07385	5.08884
LRRC27	3.87651	2.44841	2.93102	3.24423	3.89132	3.17683	2.47692	3.44367	1.90161	1.69818	2.07378	4.10853	4.19677
LRTOMT	3.11637	1.56784	2.77559	3.45691	3.30129	4.47422	3.62077	3.27366	2.3544	2.36076	1.96123	2.1262	2.4052
LUC7L3	87.258	341.464	26.2822	128.454	86.1821	99.7248	114.527	80.2746	127.741	130.026	133.003	86.2809	76.1301
MAPKAPK3	20.9808	33.3815	22.4089	12.3114	25.1902	19.6908	13.28	19.7896	24.0302	20.6305	24.4715	21.023	37.4087
MARC1	10.822	2.36328	16.0275	20.0001	10.9103	11.6737	19.2077	13.0351	23.7932	22.9772	24.4525	8.54485	13.8981
MARCH7	63.0985	23.364	18.4572	102.341	69.9083	81.0173	96.8994	74.4413	71.9683	78.2755	75.4089	28.8738	25.4948
MARS2	7.61315	4.1724	8.09455	4.25125	8.40144	8.03077	5.22278	4.06598	12.564	12.967	13.4894	3.79904	4.39583
MARVELD2	5.49066	2.51052	8.59586	8.99493	8.07826	5.62438	9.6923	9.32593	10.1111	11.0051	9.41923	15.4548	21.7503
MCM6	83.9431	11.0712	13.6646	118.947	89.7525	105.887	127.292	101.438	89.4142	91.194	87.1898	16.2062	26.1831
MED27	8.84503	10.0492	12.0221	9.0072	7.99312	8.52131	11.4973	11.187	10.4492	9.92408	10.2563	3.54017	2.65851
MIA3	14.8439	3.63738	6.27881	22.2309	14.4268	15.3699	22.2949	19.3068	16.9648	17.3375	15.4165	14.3443	11.2135
MICU1	29.1499	42.8872	27.7324	38.8762	31.4735	33.5711	35.3463	34.0245	23.6369	25.7961	22.5232	24.9854	30.1423
MPP6	16.0403	1.82277	2.02698	34.3872	17.9023	22.5442	35.3299	27.3439	40.5273	40.6538	39.8936	2.07333	11.9205
MPV17L2	4.06835	23.0555	20.9814	3.86207	4.27885	2.20995	3.98871	10.3208	8.0482	5.69523	8.43524	3.24361	4.34282
MRPL21	54.8682	116.938	39.7905	47.7834	53.1662	50.0047	48.6803	39.6414	63.6819	57.7218	70.4452	30.4642	31.9497
MRPL48	38.2667	59.4809	16.2231	32.5933	37.6428	44.7856	37.1984	22.0528	25.5563	28.4386	30.6565	15.1434	20.3587
MRPL52	22.6086	57.2195	31.7519	24.8256	20.8198	23.7669	25.6904	21.3179	30.1002	26.741	28.9981	14.5414	17.3388
MRPS10	15.2475	14.3157	25.7372	27.1071	16.4039	19.8112	23.937	18.4236	18.9072	19.2476	19.2292	6.77037	10.1606
MRPS22	50.6948	84.5076	25.6279	38.1111	50.5612	61.3356	44.7871	30.7962	42.5518	42.6933	42.8805	24.723	29.537
MTPAP	9.3621	5.76504	5.6247	9.15485	10.1536	10.304	9.17595	7.54637	12.3874	11.7565	12.0027	5.12828	5.79008
MTX2	62.8	28.3951	19.451	63.1438	68.2635	86.9606	64.0463	45.3728	55.6466	57.5475	59.1136	19.5183	18.8497
MXI1	23.6738	24.9596	11.2174	23.1217	22.4867	22.7053	21.7319	15.2018	5.74583	5.74495	5.49487	12.6527	7.64772
MYBBP1A	7.0114	3.97424	7.39271	2.6859	6.80733	3.90613	3.56127	6.35634	11.5193	11.0963	12.4479	9.37347	12.7961
MYL12A	157.851	615.405	250.401	339.045	164.044	181.678	343.424	266.396	210.59	198.772	217.918	86.9557	111.075
NAF1	17.2405	4.25359	2.55316	13.1202	18.2372	23.1921	14.0576	10.3811	19.1646	20.261	16.947	10.2339	6.71013
NASP	254.752	36.0767	26.2618	225.327	273.788	316.691	216.881	178.089	387.617	391.094	403.242	28.4228	31.0482
NCK1	12.6371	7.97802	7.92341	9.142	13.9147	15.3207	9.9362	7.26898	9.72462	9.93747	9.86466	7.93204	6.42445
NCK1-AS1	3.0647	3.17199	1.1858	2.47194	7.23558	4.76315	3.01269	2.41516	6.12611	7.51166	6.48088	2.49418	3.20685
NCK2	20.6599	109.678	66.0283	20.7991	17.0525	18.8255	23.3406	24.0695	25.5275	25.3478	26.6226	35.7848	35.1598
NDUFB4	98.1218	215.038	86.4703	152.513	110.851	70.189	120.226	174.256	118.898	112.223	130.927	60.4485	82.8251
NDUFB9	115.433	377.482	282.557	115.097	105.769	100.398	120.432	111.493	171.861	156.316	187.183	65.8055	93.8121
NEK2	26.644	3.72871	12.7735	28.3418	30.6867	36.1214	26.3324	18.2988	20.2265	21.0174	20.1486	4.34698	4.98783
NFYB	31.9571	3.66805	7.7599	31.5774	31.3005	41.8445	29.7265	21.1693	30.3334	30.7186	34.23	8.27289	8.62489
NGDN	55.5727	46.5108	16.7907	41.2184	57.5346	60.359	47.6217	31.6832	53.5114	52.8819	55.2988	15.9939	17.9143
NGFRAP1	206.65	13.3057	72.0657	304.199	193.76	220.724	296.152	272.155	236.946	217.344	234.144	86.9998	68.3951
NIPSNAP3A	16.4683	22.8108	22.0312	18.6351	16.7316	20.6461	20.4186	15.6165	9.40502	9.70481	9.27091	22.3271	18.1269
NOL7	89.2546	99.9226	17.7147	89.8011	90.6872	112.25	87.9134	55.4806	104.781	93.3235	104.606	37.5558	46.1667
NOMO1	6.67716	6.53892	7.35735	6.00789	8.1122	6.914	7.71874	7.65935	7.66194	7.36745	7.07043	2.50798	6.45831
NRP1	15.3904	2.85244	14.0975	11.487	10.3109	7.43642	14.8555	10.3327	2.60906	2.55614	3.0415	14.9889	8.12188
NSMCE2	50.3022	19.2212	11.9212	34.3768	46.2531	57.0995	32.8938	27.4247	26.7745	21.7138	27.8404	8.91869	10.2922
NSMCE4A	54.6303	41.2711	8.94967	43.6035	57.4299	71.6566	46.5761	33.5087	56.9986	55.4766	57.1313	22.827	19.1348
NUDT16	16.197	52.062	36.8843	10.1447	17.7263	18.7264	11.0592	8.66296	16.1929	15.961	15.6201	12.5573	17.61
OCRL	21.1546	7.80267	7.68361	8.54999	22.6965	28.2211	9.42352	7.08807	12.39	12.5836	11.4448	13.5665	10.9928
OPTN	5.55168	100.553	19.2679	30.9465	3.70328	3.97272	29.4899	32.0822	29.8664	31.0606	29.5055	30.4483	32.67
ORAI1	1.44681	23.2697	55.7389	1.45929	1.6418	1.3869	1.02179	2.17322	1.47316	1.67232	1.57305	15.9883	15.5375
ORMDL1	31.7793	20.0013	18.9184	41.1214	29.3688	37.7407	39.9495	26.293	30.3996	30.3358	33.4588	16.5022	19.061
OXCT1	11.2859	2.15081	17.8729	13.1553	12.1807	14.5813	13.5611	10.5784	23.1793	23.8382	23.3176	10.1641	8.85239
PALLD	45.471	47.5155	22.8199	14.5371	40.7295	44.8864	17.1433	11.7408	29.7725	31.6277	28.9327	47.1627	13.7733
PARD6B	2.6077	9.80529	3.08412	3.25853	3.66469	3.57104	2.88297	2.45854	4.09968	4.85272	4.55362	4.4776	7.61849
PBX3	20.5646	5.72074	5.48794	20.3573	7.209	8.5163	20.8318	20.8364	20.5299	19.1981	19.0521	19.7407	6.15951
PCNX	9.21262	6.03808	4.77794	15.6157	10.3301	11.83	15.7507	13.9866	13.6337	14.0653	12.3912	11.7117	18.7969
PCYOX1L	10.402	1.53884	7.15984	3.98781	12.6676	12.6772	5.08589	4.64733	10.5216	9.19736	9.56974	12.3158	26.4384
PDHA1	32.1312	50.0663	48.0302	53.2459	34.5551	33.7028	60.3752	51.6752	33.5814	33.159	35.1314	15.6931	19.426
PDS5B	19.7446	5.92424	4.00102	28.0006	20.3306	23.9883	24.8684	19.9299	20.628	21.9727	19.999	10.8996	8.57911
PEX11A	3.94948	17.4494	7.94061	2.07017	4.07334	4.23864	2.21371	2.12929	1.92079	1.5933	1.48999	5.06927	7.78821
PEX7	6.97988	5.67284	3.32074	7.58499	8.25611	9.07769	6.89818	6.32739	8.76354	7.83192	8.69431	6.14504	8.07658
PFDN1	61.0439	63.7249	52.0695	57.0036	57.3601	51.8807	50.9197	52.5548	45.1699	42.5304	47.5266	18.8166	25.6936
PHTF2	13.5744	2.82773	2.6644	12.4842	13.4201	17.7095	13.0881	9.53688	11.6531	13.0109	12.0646	6.90965	4.43439
PKP2	15.8478	13.7647	24.1649	31.2024	16.0252	13.053	27.7611	22.9018	12.5299	12.0505	12.4643	16.9816	10.9421
PKP4	31.7388	15.8058	15.8801	31.9869	35.633	37.2331	31.561	30.6602	34.3453	34.9684	32.9368	15.3716	19.4305
PLAA	24.2407	9.35689	7.12548	29.8376	24.1175	32.0993	32.3566	22.4217	34.3329	35.8862	33.3393	8.0767	7.36154
PLAGL2	17.4919	3.96478	12.1223	8.74697	20.0683	22.0771	9.18691	8.7038	10.9327	10.4402	10.6344	32.9719	65.8852
PLBD1	9.5433	6.28009	19.9717	10.3813	11.8801	9.05775	9.5715	7.47292	12.204	11.5479	11.4589	39.3046	24.9424
PLEKHA5	19.7735	12.7322	7.16845	33.703	19.6884	22.2025	32.3833	25.5577	44.6543	46.9762	43.2713	18.8552	16.5674
PLK2	27.6677	7.42829	5.4541	19.8598	25.1463	31.9482	24.8017	15.3805	13.1946	12.6781	13.6664	11.1139	9.72234
PMF1	43.6854	40.202	39.4276	47.4545	45.123	33.7924	45.1815	57.703	57.5489	49.7523	57.0771	29.9496	30.8249
PMS1	30.658	1.58092	4.249	31.7972	32.4886	40.7783	28.3892	24.4488	33.3551	32.5533	33.5528	7.30925	5.96409
POFUT1	18.274	11.7354	29.0118	14.0249	20.4985	17.6752	15.0096	15.4284	11.6035	11.0947	10.5066	43.4884	70.1203
POGLUT1	12.7952	2.16766	8.40405	11.5832	12.2572	15.7324	11.4727	7.41425	9.36318	9.58442	8.81723	5.76202	6.20245
POP4	10.143	20.1471	12.2003	12.3358	8.36826	11.4027	11.8944	8.99922	9.16923	8.62721	9.45918	5.65539	5.91764
PPAP2B	15.1443	6.5864	40.9141	9.72785	15.3386	14.8535	11.1848	8.05785	18.3226	17.075	17.7761	27.1669	35.9086
PPP1R3B	3.78905	1.56866	6.07768	46.0948	3.41407	3.63917	40.4426	43.4437	17.4738	17.8111	16.9329	35.764	33.1839
PPWD1	38.1269	10.1421	7.0853	40.6263	38.3731	43.9212	37.1362	31.1149	35.9346	36.5057	37.9416	19.4813	22.4844
PRKACB	27.2004	4.21013	8.16347	17.004	27.4507	36.2359	15.4126	13.54	22.3079	24.453	23.27	35.9667	14.9265
PRKCA	2.87061	21.7149	10.7226	1.71698	2.73054	3.40923	1.76691	1.36846	5.59347	5.97619	4.9059	11.3164	12.1055
PRPS1	64.6094	8.02479	13.5716	77.8579	74.8587	78.0571	80.6974	64.1308	173.752	167.638	175.065	10.0323	10.1876
PSMA5	38.1089	55.3887	12.8227	42.5511	36.5362	44.8148	43.2306	31.3428	53.5324	49.7257	53.6201	12.4567	18.4768
PSMG2	73.7416	92.1115	43.0573	60.334	75.3876	90.0064	61.0775	43.5671	69.2196	69.3141	68.2403	28.102	36.6379
PTBP2	22.6556	1.83178	5.62789	30.9617	22.4411	27.8064	28.0738	22.6715	40.6505	40.308	45.8641	14.3545	7.27494
PTGFRN	18.6918	4.23348	17.6241	10.8129	21.7474	18.9076	12.3916	13.7454	6.95303	6.73227	6.79263	15.7203	6.63155
PWWP2A	16.1062	7.89776	8.94732	23.3765	17.2841	18.3768	23.5812	16.9715	35.8366	37.6879	39.5003	15.0612	12.5021
QSER1	25.3111	1.1825	4.42837	48.9217	27.6419	31.4392	53.2786	39.6239	45.9478	50.7833	43.4709	10.159	9.32145
R3HCC1L	14.4643	6.14552	5.47313	11.9971	14.3156	15.8686	12.8345	9.13842	12.2729	11.8544	13.1724	9.48993	11.1167
RAB11FIP2	9.7193	1.43505	3.49093	11.4903	10.8356	12.4481	9.68388	8.41233	9.46783	10.0786	9.71259	6.9743	6.33925
RAB14	34.8535	41.3146	33.9321	39.5696	35.1556	39.1968	38.5302	30.7324	28.7946	29.5177	27.4815	28.5222	32.3431
RAD23B	110.314	51.2783	51.8647	120.53	114.513	131.67	114.996	89.17	96.65	101.258	109.922	35.5108	43.3557
RAD50	15.6975	8.26285	8.40646	23.4416	16.3745	16.9659	23.0891	18.8165	24.2873	27.4179	23.1518	12.9514	14.4713
RBBP5	12.984	7.71148	5.95204	11.8026	14.2076	16.4652	11.2199	10.0163	12.4686	12.1655	12.597	6.52458	7.02806
RBM3	74.8988	71.0467	44.6522	104.412	73.7123	77.3744	101.839	78.8019	59.7118	59.1416	68.0823	32.9016	35.8399
RBM4	64.1715	49.6954	61.6882	53.5177	57.9265	62.1532	58.4028	46.8941	69.4353	67.9322	70.77	29.4791	44.3746
RBM47	3.16588	95.6887	52.6404	6.45347	2.92455	2.53408	7.15891	5.58926	25.2258	26.1303	28.0894	49.3979	59.8177
RBM6	46.5319	114.348	19.4031	73.633	43.9331	46.6905	71.6727	61.7178	68.7525	64.6314	71.8319	34.7929	43.1973
REEP4	6.2231	8.10018	19.6291	9.57174	7.22096	5.63822	9.68664	11.1487	6.59999	6.23198	5.8001	10.3519	8.63336
REV1	16.3663	7.43024	5.77663	16.8054	15.5628	18.4523	15.9307	12.3061	16.4612	16.1142	15.055	11.1454	11.0454
RGMB	17.3925	3.56919	57.1401	26.786	10.3337	12.8208	27.3666	21.7721	6.87827	6.7517	6.6409	28.5247	27.3786
RGS5	51.1442	8.222	12.6622	62.1201	34.3381	41.7004	66.3071	42.8287	23.8566	23.8748	22.2016	31.1059	5.29134
RHBDD3	1.87459	8.65291	23.0679	2.61484	1.76193	1.36912	2.54292	4.16813	2.70673	2.55493	2.78591	6.87152	8.07552
RIOK1	28.8354	9.53498	7.88659	27.5335	28.9057	39.2142	27.1659	17.1879	23.2669	24.0381	25.1981	8.78986	8.01257
RMDN2	2.08669	5.85341	1.91366	2.79655	1.49828	1.83755	3.03161	1.53056	2.23798	2.19198	2.10478	6.2459	10.3625
RNF10	36.4555	69.9495	27.3701	46.3365	37.3243	39.0933	50.6265	49.4878	56.2082	54.2886	51.1994	24.7697	20.8661
RNF145	70.758	11.2721	17.8381	52.0437	75.5138	95.1519	50.0692	38.6826	39.8853	42.284	42.1945	20.1711	16.6247
RNF19A	9.0981	33.1506	14.2919	48.0428	8.92029	10.7679	48.4491	41.4624	6.26896	5.66883	5.7031	26.9275	34.2787
RNMTL1	7.01882	15.8633	16.3153	4.81406	10.122	9.9573	5.12947	4.47472	10.3314	10.685	11.5663	6.54972	7.94525
RPL37	442.809	487.141	45.9555	161.34	489.785	298.826	151.007	220.041	246.609	218.453	290.537	166.708	206.725
RPS27A	382.405	692.732	693.445	302.122	420.033	491.083	359.659	221.479	376.598	319.366	314.45	47.6567	170.312
S100A10	53.9275	997.959	331.057	256.489	50.1443	56.0577	272.919	138.776	95.8483	91.3297	98.0928	331.703	308.627
S100A4	43.3239	108.689	167.769	12.2992	69.5622	58.9822	11.1448	15.8743	47.2811	42.2844	46.5398	11.1184	5.38614
SAAL1	44.3573	6.37203	4.23617	26.4488	48.7259	62.7048	33.2761	20.5014	51.9159	49.3912	51.3847	7.32897	7.35434
SCAF4	22.7958	8.11353	9.44626	21.4143	21.8015	24.0467	23.9875	19.8253	29.2998	29.2294	27.2115	13.0174	18.737
SCFD1	46.0671	18.731	3.12698	62.5627	48.7478	66.4789	60.7535	42.6922	51.2751	51.9003	53.3864	21.4255	26.7216
SEC22B	41.9089	53.8709	45.9724	45.5241	41.6064	47.3851	44.7935	35.0949	29.9361	32.1055	31.8448	46.5925	47.9333
SETDB2	2.76399	3.32598	2.45256	5.49029	3.12389	3.87249	4.82696	4.08496	3.49879	3.76454	3.28919	5.15958	6.72911
SF3B6	150.698	226.052	67.3364	141.682	171.696	164.302	146.812	110.997	156.575	156.535	166.737	47.8011	58.9781
SFR1	7.55077	3.93716	8.21073	6.78427	7.8727	9.28435	5.27308	5.97215	6.58438	6.28478	6.8442	2.75142	5.2761
SGTA	15.0955	80.4505	57.8546	8.49779	13.6898	8.12505	7.65016	17.0151	12.5002	11.311	12.9564	18.4742	17.1416
SH3BGRL	68.5726	70.7077	49.9463	60.8079	54.1283	70.1866	55.4264	41.9365	49.8404	53.1524	55.2704	69.9961	46.7873
SH3D19	24.9253	53.9043	28.0827	18.5511	24.5054	27.2366	23.8847	17.9032	27.7886	29.9732	26.9588	26.5989	33.0055
SH3KBP1	8.92844	5.08822	8.2975	11.9287	11.4606	10.3832	11.0509	10.3833	7.45561	7.37742	6.90479	5.82133	5.77804
SLC10A7	3.55825	1.34347	2.97774	2.92641	3.0498	3.50628	3.0954	2.13517	1.60283	1.88691	1.64518	3.58391	3.51607
SLC24A1	2.17291	1.29494	3.01125	2.11056	2.20527	2.33142	2.6266	2.2758	1.68177	2.03066	1.98429	2.97904	2.96506
SLC26A2	10.0806	3.04966	5.56766	9.48451	9.75359	11.1117	8.94061	7.73319	6.44831	6.59581	6.04493	165.958	78.6887
SLC2A11	2.68119	5.82728	2.24711	1.71409	2.11546	1.69277	1.90285	1.96424	3.66752	3.08007	2.91659	4.03692	4.12776
SLC35A1	17.9365	12.6608	13.6124	10.7363	20.0957	22.8	10.2874	8.43419	10.8616	12.0401	10.9087	29.9456	22.3362
SLC35D1	4.99999	5.37351	7.59702	3.84704	4.00465	4.74801	3.60406	3.15633	1.98239	2.4963	2.04937	19.4065	26.4581
SLC7A6	12.6614	3.41623	8.8444	35.9547	12.4273	14.5749	37.0944	31.5902	15.9023	16.1266	15.5311	6.93426	5.31554
SLFN5	4.20038	5.13766	7.16806	16.5515	4.32851	4.47949	18.4727	15.1247	3.33236	3.70493	3.01388	3.20799	1.97816
SLIRP	255.167	402.012	31.4298	348.507	220.79	287.4	351.083	246.529	548.31	506.518	547.312	37.865	58.4639
SLMAP	12.8481	23.6548	13.7591	17.5484	12.8957	15.2058	17.4317	14.1102	18.8678	21.1525	18.9443	29.9526	15.1555
SMARCA1	84.0374	2.55112	3.91862	78.4036	93.9804	112.925	70.4361	58.4087	61.8883	64.5996	62.0788	20.9368	17.4446
SMC2	31.3805	1.0399	7.08357	28.1526	32.5361	43.835	28.9708	21.3232	28.7316	31.7056	28.7779	10.0423	8.3734
SMEK2	27.8016	26.8211	21.5995	32.5585	28.6627	34.6943	30.7176	26.1454	19.1288	20.019	19.6528	21.6677	29.9944
SMG1	11.3037	7.10826	8.05742	25.8727	11.0371	13.3141	29.1686	22.8319	23.1541	25.6493	21.0225	16.4332	17.1196
SMIM3	14.7956	21.4873	21.2962	2.35397	19.2535	18.6876	2.52731	2.97241	31.2411	28.4498	30.9652	10.1104	5.10258
SNHG12	15.686	61.6724	16.2562	13.3287	11.5611	18.413	14.4365	10.0764	26.244	24.7944	27.2476	15.5679	24.1703
SNW1	70.2952	49.5572	20.2668	54.6956	73.8123	93.0353	53.7713	41.5728	60.4067	58.6332	63.3785	24.2202	25.6451
SOCS2	11.8912	5.16482	7.4492	51.2594	10.0352	12.0566	46.1367	36.893	15.1681	13.4831	14.6719	9.69372	10.6322
SORL1	7.69482	4.67921	3.71584	17.3718	10.7633	8.8784	17.4305	16.5024	27.1367	29.1658	24.816	31.9333	29.8079
SPECC1L	19.3766	9.8821	12.5783	14.5494	18.5183	19.9051	16.1546	13.6735	14.1864	13.8332	13.7752	17.9681	11.6702
SPG21	72.9235	65.0724	44.2412	56.211	77.9479	85.8423	61.1409	52.2455	61.6206	59.7547	58.4619	37.9158	80.1916
SRSF4	62.9503	62.1117	56.7986	58.2974	68.4686	66.9467	55.1418	56.1098	65.0387	63.7962	63.6325	46.2422	53.1882
SSFA2	31.2184	27.1468	35.3419	7.95132	30.6476	31.4771	8.99775	8.10567	4.05174	3.88766	3.40903	47.4823	41.1593
ST7	10.3646	6.04118	6.25457	2.98204	6.20914	7.79586	4.04195	3.13959	11.2794	10.3679	10.3179	8.63225	13.2185
STK33	11.9045	1.30091	1.19889	13.0306	11.5517	13.3536	13.0874	7.94426	15.5009	15.1561	16.8289	2.63015	1.9309
STK39	24.2201	34.0814	25.6191	19.3082	23.7368	27.9186	17.8651	14.9261	23.2949	24.6097	25.4282	14.0985	8.70465
STS	1.93942	1.36147	3.51678	2.07573	1.3809	1.58775	2.28756	1.94973	1.47802	1.29912	1.55385	4.80303	2.86771
SUCO	25.079	15.7699	9.63529	64.3906	24.6732	32.0689	59.9887	46.1072	27.2857	30.3118	28.1705	15.0673	20.297
TAF1D	63.0331	18.5791	14.6833	90.5859	70.1476	71.5978	75.5498	56.9093	56.163	58.1175	63.0549	33.5175	37.9799
TAPT1-AS1	14.21	1.05061	2.62861	3.69459	14.7617	5.3486	3.0672	11.2947	8.32142	7.05164	9.71559	18.8006	22.6984
TAX1BP3	15.3746	360.259	98.8772	16.5518	13.6166	11.3008	16.8673	23.6351	22.2843	24.0406	23.2202	59.9241	61.2949
TBC1D22A	3.08972	22.0806	12.6417	1.71458	3.64383	2.53238	3.03919	3.88692	2.39182	2.36036	2.3818	6.8	9.90675
TBC1D23	12.4235	26.4397	9.74768	17.5514	12.4152	14.0873	17.8071	13.5524	13.0702	13.9061	12.9914	14.1957	16.4701
TBC1D9B	7.82481	23.4845	36.2246	7.5794	8.10888	5.45509	8.38447	13.7015	6.72071	6.44721	6.95768	25.7774	25.8786
TCP11L1	14.3995	8.74994	3.69779	20.5503	15.8349	15.1314	18.083	22.5321	7.51238	8.31558	6.70484	7.11453	4.7559
TCTEX1D2	40.8942	10.3162	1.68867	20.8764	36.3286	47.1623	23.1582	19.5184	17.6933	18.6155	20.1828	6.32718	5.46546
TDP1	19.489	1.4486	3.78126	16.0715	20.7982	23.8923	15.6949	16.0195	27.7223	26.7706	27.5311	4.78154	5.75873
TES	33.4818	75.8458	34.9162	36.6101	35.5693	32.8738	36.0168	27.3841	18.7232	18.8739	17.6369	45.0437	26.6192
TGIF1	61.2429	21.0215	39.8173	142.472	60.6684	60.4702	138.458	133.516	154.75	147.997	155.773	28.9211	31.2802
THOP1	16.5603	41.0533	25.1377	6.17425	18.6329	9.82637	7.58221	14.7763	11.9001	10.7177	12.5694	8.34708	7.88528
TIGD7	5.54847	2.60916	2.3558	5.0081	5.15583	5.42531	5.12697	4.15832	4.30158	4.7101	4.66603	4.79632	4.39541
TM9SF4	40.3372	9.87246	20.0716	33.6863	49.0712	38.8096	38.099	46.408	35.0326	34.1426	32.2729	35.3151	44.0726
TMED9	119.001	47.7924	124.559	98.0203	126.729	89.581	100.588	118.517	80.4563	73.4307	86.6617	68.0636	66.5602
TMEM126B	58.6597	52.2449	39.8634	67.0332	60.7045	78.3463	65.4492	43.1073	85.3165	85.0871	88.8224	27.8893	37.1189
TMEM161B	8.78712	9.94401	7.36592	9.90942	9.12885	9.53931	10.3323	7.89182	9.57195	10.5712	10.7954	8.00091	11.786
TMEM161B-AS1	7.32314	5.35846	3.64712	2.5201	7.66176	7.46306	1.63796	2.9784	8.85373	9.35167	9.04085	3.06905	2.665
TMEM170A	20.9197	2.85471	12.9121	17.5651	23.6035	27.1794	21.202	17.773	21.2104	22.2031	17.597	20.1428	20.8166
TMEM39A	14.3193	2.80843	5.78191	17.1218	14.1405	15.5173	17.5274	12.8791	11.4719	10.9954	11.5069	9.50333	9.72827
TMEM60	39.7377	16.3758	28.4505	27.3137	39.5456	52.2475	21.224	22.8626	34.3802	32.5363	33.1464	20.4769	22.2762
TMEM87A	22.9693	10.1937	17.6346	26.7102	23.3578	27.2514	29.3625	21.0191	28.0365	25.3368	26.9054	26.8415	24.7133
TMSB10	1504.04	1839.86	1572.62	3405.43	1284.23	1177.79	2886.51	3196.38	886.479	837.178	1014.04	682.73	617.161
TMX1	41.1814	6.47282	13.6633	23.376	46.1383	57.0855	24.2916	15.6433	49.8133	50.554	54.7431	9.88007	13.6594
TNFAIP8	17.0471	12.7125	6.9917	58.958	18.3576	24.2671	48.6465	36.5491	15.5615	16.3378	16.9528	10.5036	5.89607
TNFRSF11A	1.45803	17.4783	28.0454	3.43452	1.59027	1.89807	3.28898	2.65721	8.9477	8.10006	8.47594	11.4402	13.1656
TNIK	6.35313	17.8681	6.3023	4.22588	4.66695	6.5093	4.29193	4.17115	20.1674	20.805	18.5411	5.33103	12.0503
TNPO1	68.2666	15.5371	13.4353	69.3881	68.4453	84.4383	73.5561	51.3539	79.3373	84.5399	79.7312	23.9102	25.4446
TOMM40L	5.97622	23.9112	19.2203	6.91496	5.91567	6.06865	6.29572	7.07654	9.11945	7.5582	9.04907	5.22129	5.78255
TRAM1	72.8765	48.1986	59.5629	104.725	65.335	80.8903	99.7648	76.7601	60.2761	59.6719	58.6217	114.737	116.586
TRIB2	43.445	6.39329	16.4993	20.2105	35.0673	36.3765	15.9271	14.1046	52.8863	51.4806	53.4074	25.0386	4.72657
TRIQK	16.4027	5.89987	7.56334	11.1817	17.4447	19.417	9.09377	8.87405	10.276	10.8739	9.36427	15.5167	17.6344
TRMT2B	6.48604	4.14355	8.41708	8.13604	6.24343	6.51123	6.63779	6.84363	9.33309	9.51286	8.54402	5.69401	8.17603
TSPAN3	100.551	111.01	110.036	55.3292	102.802	117.466	57.782	39.7014	44.1531	41.6414	45.2189	128.578	116.606
TSPAN6	64.1677	5.05215	9.77906	40.3544	66.6514	79.295	39.573	26.8563	37.5625	36.9159	40.5365	36.2882	39.3006
TSTA3	11.2897	102.702	80.7046	11.1035	10.8097	7.14984	14.9408	23.8465	19.5051	19.5937	21.2321	23.6219	30.1377
TTC13	7.0489	2.46906	3.86525	8.19673	5.40076	7.69947	9.73928	6.12915	5.52536	5.57045	5.70903	7.95497	6.97027
TTC14	19.3962	4.8189	8.04234	21.2256	20.3434	21.9894	19.7778	15.8003	15.2651	15.9277	14.1201	25.8122	23.6958
TUBE1	10.7951	3.45301	7.02278	8.30469	10.1322	13.4034	10.7352	6.01997	8.27462	8.32571	8.05398	7.6049	8.57253
TXNDC12	64.5426	20.3367	40.8216	58.5833	68.3996	75.2255	60.123	41.7623	56.3298	53.0314	55.3009	25.6836	32.5038
TXNDC9	24.8287	29.1514	23.9966	53.7778	26.6156	34.4307	46.5982	31.3899	36.6693	38.0604	40.0716	9.48267	8.9882
UBA6	21.8559	5.57703	5.21591	26.1644	25.3351	30.3176	22.9315	20.835	20.4778	22.5908	20.3386	10.503	9.90021
UBA6-AS1	8.60882	4.61954	3.3965	7.79842	8.57149	8.46215	7.59225	5.88991	7.70001	7.11072	6.7835	3.86399	6.57508
UBE4A	15.4695	11.3908	12.4717	27.6146	14.7488	17.5694	27.8472	20.7538	20.4869	22.7555	19.9635	21.2618	24.1993
UBR2	9.1386	8.73574	6.05876	11.9965	10.6609	12.1132	12.9404	10.2798	11.037	10.5615	9.43381	13.306	13.0077
UBTD2	58.0601	19.6865	20.3247	33.3749	53.6968	69.5563	32.2781	23.6158	39.7458	40.6697	44.3088	21.9004	23.2637
UCK1	15.077	19.2318	14.8576	9.60115	13.4554	13.5119	9.62733	10.3617	12.9022	12.2884	12.7148	13.4576	17.229
UEVLD	4.52626	3.85619	5.07571	10.3936	4.42603	5.47212	9.35856	7.65303	6.47421	5.72779	5.61303	7.83618	7.71889
UGT3A1	1.92381	4.94975	1.50105	2.67613	1.99606	2.37298	2.54537	2.26241	2.33193	2.60633	2.24243	1.56545	108.4
UNC13B	11.7449	10.7094	10.9212	15.3417	13.0744	12.4812	18.258	18.5434	19.1563	19.4405	17.9434	15.3436	12.4478
UQCRB	38.6445	53.582	26.047	48.8897	36.0399	40.5666	38.0867	29.2438	31.2287	31.1066	35.4144	12.874	14.946
UQCRFS1	55.6941	216.043	198.061	61.2813	55.4928	67.6054	61.8777	45.1702	90.8408	86.8384	93.2924	22.1345	34.919
USP15	8.51193	16.4198	6.56573	8.50745	7.91007	10.831	9.5675	7.80146	11.2385	11.2683	10.3823	10.3693	10.1682
USP54	12.0643	1.61194	5.09355	19.633	12.7087	12.084	23.1211	19.4927	11.9096	11.5757	11.3472	13.5254	10.8278
VAPA	27.0538	38.3166	23.2901	27.5213	27.9476	35.191	26.0466	18.8948	20.9692	21.4916	21.2219	19.7111	22.2247
VIPAS39	15.938	7.63538	8.62418	16.7772	16.6245	19.8005	19.1013	16.231	15.3248	13.9473	13.3338	11.1093	14.5352
VRK2	17.6173	9.14767	4.60757	32.5659	20.0424	22.8188	29.3744	23.1853	29.6649	30.5428	24.8802	8.98805	10.1937
WAC	59.1289	30.2191	18.8006	65.4476	63.6154	74.5853	62.9588	50.6462	50.8414	51.0718	49.2616	28.828	28.1524
WAC-AS1	5.31038	5.34091	4.68803	8.96199	5.7183	6.58431	8.16073	6.84792	6.11617	6.36544	5.72901	3.00004	3.06505
WBP11	62.3453	15.5935	28.7041	59.2744	66.4129	75.6363	56.2859	51.7219	74.6067	76.1154	71.6497	20.719	30.0596
WBP4	10.8883	13.5774	7.15175	12.7174	10.8886	12.66	10.7369	8.65643	8.49396	9.37444	9.09989	8.6619	10.1897
WDFY3	6.19592	1.44487	2.54378	13.761	5.53914	6.55857	15.6278	13.4406	9.88307	10.7537	8.68405	8.60069	8.32838
WDR26	23.6133	12.1499	9.5015	40.4048	24.7432	27.586	40.4087	31.7014	32.2428	33.2513	30.4285	21.6509	22.7571
WDR3	39.9285	3.92698	5.40045	18.5652	44.6752	55.3427	19.5839	12.288	42.8233	44.5043	44.2009	8.25835	9.50301
WDR82	60.3805	30.8641	42.5474	52.9852	54.3167	63.6328	55.2685	41.9234	48.3389	50.975	50.2027	32.6733	30.829
XPNPEP1	37.812	85.5256	30.7674	24.4075	37.0191	36.2518	23.3118	25.1036	30.0434	28.819	27.5647	22.8317	40.2503
XPR1	21.6359	4.92092	6.75476	13.8003	20.2092	23.1878	12.937	10.7425	19.7991	21.2115	19.2985	13.3358	8.53786
YBX1	296.185	291.612	357.282	191.541	291.992	319.894	188.589	162.505	275.975	256.057	287.63	38.7222	126.453
YEATS4	60.8228	11.2619	15.6426	60.4748	66.2804	81.5501	52.0551	33.1207	59.5367	58.4073	65.7381	10.1977	12.9856
YIPF5	27.7185	20.4602	15.3898	34.5265	25.6072	31.9917	33.5697	25.9692	18.2962	17.3803	17.6127	17.1404	22.3856
ZADH2	7.74205	6.35546	12.3923	2.50599	7.16149	6.70085	2.27077	2.45246	0.991273	1.00286	1.06798	19.7584	17.4797
ZBTB43	4.77185	2.1272	3.47291	6.51358	5.39664	5.10341	7.0628	6.27349	5.52553	6.07774	5.32429	5.12863	5.45151
ZDHHC20	34.4211	9.16102	18.5566	39.7023	34.8533	40.252	38.4156	33.6013	37.8067	38.5125	36.6886	23.6638	25.2559
ZFP62	20.6898	2.56613	9.51701	10.1995	24.5668	25.6769	9.20006	9.41714	13.6766	12.9674	12.6185	15.7182	16.5849
ZNF16	7.56917	12.4223	5.40722	4.07171	7.59768	7.82549	4.62868	4.25808	5.02645	5.23642	4.65453	4.60321	4.46788
ZNF195	31.4275	11.8477	12.2197	41.3946	32.9197	37.8517	37.9463	27.7798	45.3331	45.3245	49.1509	8.60645	12.1692
ZNF207	139.418	53.4302	44.7376	158.847	142.12	158.332	167.722	128.227	154.034	154.067	150.616	54.4752	57.2604
ZNF223	4.61012	2.71828	3.29317	5.18122	3.91882	4.67323	6.09342	5.17899	4.41507	4.40996	3.45147	7.92147	8.15785
ZNF23	9.10751	2.37764	3.82646	12.5923	9.29938	10.6273	11.0535	8.5302	8.82056	8.821	8.38607	4.57481	5.41092
ZNF268	14.0508	1.17127	4.05592	18.1015	15.2012	17.1727	21.7332	14.6671	9.94782	10.429	9.65435	6.73001	9.34859
ZNF337	7.78828	4.41348	3.40867	9.38362	7.58481	8.12994	9.89637	9.34885	7.58385	6.80695	7.02345	10.4187	10.0669
ZNF440	7.48153	3.9282	5.86181	8.04074	7.33197	8.95253	7.2387	5.80044	3.83273	3.8055	3.40284	4.37217	5.89388
ZNF569	7.53757	1.55919	1.04017	8.61537	7.95708	8.7971	8.64383	6.18074	6.46416	6.96213	6.20971	2.03923	1.45346
ZNF570	4.42373	1.76897	1.0871	3.76313	4.78301	5.28695	3.47505	3.74333	2.21956	3.33505	2.51019	2.37114	2.11124
ZNF571	3.02623	1.72734	1.01096	3.45417	3.04792	3.45988	2.49268	3.22203	3.05405	2.67763	2.31289	2.92855	2.18522
ZNF608	18.2067	1.9864	6.52871	42.7379	15.3037	16.8923	43.977	41.683	16.2766	16.5343	15.2726	18.8171	14.4957
ZNF706	15.6157	45.3211	18.3243	7.8094	14.699	16.3629	7.02573	6.48804	8.43724	8.3783	9.32658	8.62321	9.55697
ZNF75A	11.615	12.5527	6.2816	25.2439	11.4512	14.6111	25.3148	14.0389	10.9836	11.1486	12.2421	6.23312	8.62772
ZNF780A	9.41222	2.57507	4.95723	9.83733	9.84292	12.0233	8.68469	7.51608	5.81807	5.95797	4.77193	7.30578	7.57801
ZNF821	5.07448	9.51289	5.50847	4.78733	4.4003	3.68315	5.6001	6.07116	3.95677	3.70121	4.62864	6.09788	4.64683
ZNF83	16.7998	4.51979	8.81736	30.3031	17.3827	18.4292	27.8045	25.8369	14.9693	16.5015	14.4658	24.2901	23.9396
ZSCAN12	13.9764	1.74188	2.77705	7.36797	14.6787	15.1376	7.59182	7.97409	9.27754	8.64546	8.05531	5.99219	5.6719
ZZZ3	28.7805	4.95934	8.96253	24.7243	30.828	36.8094	25.1534	19.5712	22.9464	23.4073	20.5202	15.9962	17.9606
